5.120253999999999905e+02 5.789351000000000340e+02
5.120941669999999704e+02 5.902943350000000464e+02
5.121629329999999527e+02 5.937140299999999797e+02
5.122317000000000462e+02 5.918252810000000181e+02
5.123004660000000285e+02 5.891643649999999752e+02
5.123692330000000084e+02 5.842450529999999844e+02
5.124379999999999882e+02 5.830030389999999443e+02
5.125067659999999705e+02 5.818615049999999655e+02
5.125755329999999503e+02 5.800739839999999958e+02
5.126442990000000464e+02 5.815365649999999960e+02
5.127130660000000262e+02 5.857643319999999676e+02
5.127818330000000060e+02 5.987524929999999586e+02
5.128505989999999883e+02 6.024622229999999945e+02
5.129193659999999682e+02 6.050016630000000077e+02
5.129881319999999505e+02 6.060336869999999863e+02
5.130568990000000440e+02 6.078518860000000359e+02
5.131256660000000238e+02 5.962353359999999611e+02
5.131944320000000062e+02 5.946429150000000163e+02
5.132631989999999860e+02 5.913619810000000143e+02
5.133319649999999683e+02 5.907407779999999775e+02
5.134007319999999481e+02 5.939333179999999857e+02
5.134694990000000416e+02 5.951948350000000119e+02
5.135382650000000240e+02 5.952510770000000093e+02
5.136070320000000038e+02 6.032228410000000167e+02
5.136757979999999861e+02 6.058662070000000313e+02
5.137445649999999659e+02 6.045183329999999842e+02
5.138133319999999458e+02 6.046292329999999993e+02
5.138820980000000418e+02 6.022736300000000256e+02
5.139508650000000216e+02 5.974989940000000388e+02
5.140196310000000040e+02 5.939785120000000234e+02
5.140883979999999838e+02 5.874559389999999439e+02
5.141571649999999636e+02 5.868445329999999558e+02
5.142259309999999459e+02 5.890165829999999687e+02
5.142946980000000394e+02 5.907566910000000462e+02
5.143634640000000218e+02 5.916640770000000202e+02
5.144322310000000016e+02 5.942688020000000506e+02
5.145009979999999814e+02 5.937602030000000468e+02
5.145697639999999637e+02 5.980981610000000046e+02
5.146385309999999436e+02 5.968614079999999831e+02
5.147072970000000396e+02 6.025049549999999954e+02
5.147760640000000194e+02 6.017518770000000359e+02
5.148448309999999992e+02 6.029051240000000007e+02
5.149135969999999816e+02 6.028242119999999886e+02
5.149823639999999614e+02 6.053853569999999991e+02
5.150511299999999437e+02 6.080245320000000220e+02
5.151198970000000372e+02 6.153259399999999459e+02
5.151886640000000170e+02 6.201267329999999447e+02
5.152574299999999994e+02 6.123056129999999939e+02
5.153261969999999792e+02 6.159911359999999831e+02
5.153949629999999615e+02 6.057482340000000249e+02
5.154637300000000550e+02 6.030780140000000529e+02
5.155324970000000349e+02 6.069678730000000542e+02
5.156012630000000172e+02 6.034090509999999767e+02
5.156700299999999970e+02 5.979299979999999550e+02
5.157387959999999794e+02 5.991583719999999857e+02
5.158075629999999592e+02 6.007597700000000032e+02
5.158763300000000527e+02 6.081972530000000461e+02
5.159450960000000350e+02 6.081588530000000219e+02
5.160138630000000148e+02 6.075825129999999490e+02
5.160826289999999972e+02 6.102638520000000426e+02
5.161513959999999770e+02 6.132689289999999573e+02
5.162201629999999568e+02 6.138245010000000548e+02
5.162889290000000528e+02 6.126089650000000120e+02
5.163576960000000327e+02 6.093886730000000398e+02
5.164264620000000150e+02 6.048045509999999467e+02
5.164952289999999948e+02 6.066278969999999617e+02
5.165639959999999746e+02 6.096128660000000536e+02
5.166327619999999570e+02 6.090885759999999891e+02
5.167015290000000505e+02 6.043569760000000315e+02
5.167702950000000328e+02 6.044221790000000283e+02
5.168390620000000126e+02 6.076620570000000043e+02
5.169078289999999924e+02 6.120321529999999939e+02
5.169765949999999748e+02 6.100373479999999518e+02
5.170453619999999546e+02 6.055453680000000531e+02
5.171141280000000506e+02 6.049869009999999889e+02
5.171828950000000304e+02 6.044027569999999514e+02
5.172516620000000103e+02 6.011950080000000298e+02
5.173204279999999926e+02 5.985621280000000297e+02
5.173891949999999724e+02 5.984110020000000532e+02
5.174579609999999548e+02 5.964420430000000124e+02
5.175267280000000483e+02 5.988051659999999856e+02
5.175954950000000281e+02 6.032447700000000168e+02
5.176642610000000104e+02 6.045735100000000557e+02
5.177330279999999902e+02 6.074676389999999628e+02
5.178017939999999726e+02 6.071300330000000258e+02
5.178705609999999524e+02 6.141732339999999795e+02
5.179393280000000459e+02 6.084228490000000420e+02
5.180080940000000282e+02 6.095279880000000503e+02
5.180768610000000081e+02 6.054765390000000025e+02
5.181456269999999904e+02 6.077003859999999804e+02
5.182143939999999702e+02 6.041886919999999463e+02
5.182831609999999500e+02 5.935908170000000155e+02
5.183519270000000461e+02 5.937270190000000412e+02
5.184206940000000259e+02 5.974940119999999979e+02
5.184894600000000082e+02 5.888546119999999746e+02
5.185582269999999880e+02 5.868264060000000200e+02
5.186269939999999679e+02 5.895895669999999882e+02
5.186957599999999502e+02 5.903526080000000320e+02
5.187645270000000437e+02 5.973153589999999440e+02
5.188332930000000260e+02 5.950922880000000532e+02
5.189020600000000059e+02 5.987740969999999834e+02
5.189708269999999857e+02 5.979819280000000390e+02
5.190395929999999680e+02 6.041800220000000081e+02
5.191083599999999478e+02 5.995430139999999710e+02
5.191771260000000439e+02 5.975683960000000070e+02
5.192458930000000237e+02 5.966535649999999578e+02
5.193146600000000035e+02 5.908760539999999537e+02
5.193834259999999858e+02 5.958439660000000231e+02
5.194521929999999657e+02 5.901847890000000234e+02
5.195209589999999480e+02 5.872728059999999459e+02
5.195897260000000415e+02 5.946986670000000004e+02
5.196584930000000213e+02 5.997300139999999828e+02
5.197272590000000037e+02 6.014557409999999891e+02
5.197960259999999835e+02 6.078429390000000012e+02
5.198647919999999658e+02 6.079594190000000253e+02
5.199335589999999456e+02 6.044016629999999850e+02
5.200023260000000391e+02 6.026501130000000330e+02
5.200710920000000215e+02 6.042188019999999824e+02
5.201398590000000013e+02 6.099540960000000496e+02
5.202086249999999836e+02 6.066540529999999762e+02
5.202773919999999634e+02 6.039804420000000391e+02
5.203461589999999433e+02 5.995782259999999724e+02
5.204149250000000393e+02 5.972018420000000560e+02
5.204836920000000191e+02 5.937219790000000330e+02
5.205524580000000014e+02 5.995811579999999594e+02
5.206212249999999813e+02 6.009682699999999613e+02
5.206899919999999611e+02 6.150509429999999611e+02
5.207587579999999434e+02 6.182989639999999554e+02
5.208275250000000369e+02 6.181118760000000520e+02
5.208962910000000193e+02 6.173128659999999854e+02
5.209650579999999991e+02 6.153388680000000477e+02
5.210338249999999789e+02 6.107018309999999701e+02
5.211025909999999612e+02 6.099098970000000008e+02
5.211713580000000547e+02 6.043908069999999952e+02
5.212401240000000371e+02 5.929365360000000464e+02
5.213088910000000169e+02 5.947156579999999622e+02
5.213776579999999967e+02 5.932027020000000448e+02
5.214464239999999791e+02 5.923881669999999531e+02
5.215151909999999589e+02 5.968518950000000132e+02
5.215839570000000549e+02 5.964495040000000472e+02
5.216527240000000347e+02 6.011567189999999528e+02
5.217214910000000145e+02 6.038781030000000101e+02
5.217902569999999969e+02 6.060335529999999835e+02
5.218590239999999767e+02 6.012885880000000043e+02
5.219277899999999590e+02 6.013808269999999538e+02
5.219965570000000525e+02 6.014730660000000171e+02
5.220653240000000324e+02 6.015653039999999692e+02
5.221340900000000147e+02 6.016575430000000324e+02
5.222028569999999945e+02 6.017497819999999820e+02
5.222716229999999769e+02 6.073529949999999644e+02
5.223403899999999567e+02 6.000975720000000138e+02
5.224091570000000502e+02 6.033823539999999639e+02
5.224779230000000325e+02 6.126165549999999484e+02
5.225466900000000123e+02 6.079444369999999935e+02
5.226154559999999947e+02 6.078744339999999511e+02
5.226842229999999745e+02 6.054193999999999960e+02
5.227529899999999543e+02 5.996954640000000154e+02
5.228217560000000503e+02 6.020734899999999925e+02
5.228905230000000302e+02 6.064673070000000052e+02
5.229592890000000125e+02 6.006370570000000271e+02
5.230280559999999923e+02 5.976044389999999566e+02
5.230968229999999721e+02 5.955615759999999455e+02
5.231655889999999545e+02 5.951341770000000224e+02
5.232343560000000480e+02 5.959066040000000157e+02
5.233031220000000303e+02 5.937522950000000037e+02
5.233718890000000101e+02 5.955661099999999806e+02
5.234406559999999899e+02 5.935333869999999479e+02
5.235094219999999723e+02 6.006578479999999445e+02
5.235781889999999521e+02 6.046284640000000081e+02
5.236469550000000481e+02 6.049523970000000190e+02
5.237157220000000279e+02 5.996774189999999862e+02
5.237844890000000078e+02 6.020678699999999708e+02
5.238532549999999901e+02 5.978357740000000149e+02
5.239220219999999699e+02 6.023445229999999810e+02
5.239907879999999523e+02 5.996999789999999848e+02
5.240595550000000458e+02 6.022237380000000257e+02
5.241283220000000256e+02 6.007949529999999640e+02
5.241970880000000079e+02 6.034452240000000529e+02
5.242658549999999877e+02 6.084381819999999834e+02
5.243346209999999701e+02 6.076843999999999824e+02
5.244033879999999499e+02 6.132045719999999847e+02
5.244721550000000434e+02 6.166064730000000509e+02
5.245409210000000257e+02 6.192969819999999572e+02
5.246096880000000056e+02 6.144847989999999527e+02
5.246784539999999879e+02 6.163487400000000207e+02
5.247472209999999677e+02 6.070715519999999970e+02
5.248159879999999475e+02 6.123139370000000099e+02
5.248847540000000436e+02 6.128762269999999717e+02
5.249535210000000234e+02 5.863992879999999559e+02
5.250222870000000057e+02 5.717624949999999444e+02
5.250910539999999855e+02 5.666194799999999532e+02
5.251598209999999654e+02 5.688441940000000159e+02
5.252285869999999477e+02 5.560710260000000744e+02
5.252973540000000412e+02 5.430444290000000365e+02
5.253661200000000235e+02 5.712341649999999618e+02
5.254348870000000034e+02 6.011278979999999592e+02
5.255036539999999832e+02 6.082874309999999696e+02
5.255724199999999655e+02 6.093800220000000536e+02
5.256411869999999453e+02 6.195565010000000257e+02
5.257099530000000414e+02 6.191821760000000268e+02
5.257787200000000212e+02 6.060277800000000070e+02
5.258474870000000010e+02 6.093912249999999631e+02
5.259162529999999833e+02 6.131053249999999935e+02
5.259850199999999631e+02 6.289242900000000418e+02
5.260537859999999455e+02 6.168036919999999554e+02
5.261225530000000390e+02 6.212625000000000455e+02
5.261913200000000188e+02 6.109091130000000476e+02
5.262600860000000011e+02 6.191411570000000211e+02
5.263288529999999810e+02 6.189457559999999603e+02
5.263976189999999633e+02 6.295575129999999717e+02
5.264663860000000568e+02 6.483033890000000383e+02
5.265351530000000366e+02 6.447021099999999478e+02
5.266039190000000190e+02 6.443181180000000268e+02
5.266726859999999988e+02 6.467246699999999464e+02
5.267414519999999811e+02 6.530652629999999590e+02
5.268102189999999609e+02 6.586251160000000482e+02
5.268789860000000544e+02 6.380839929999999640e+02
5.269477520000000368e+02 6.548219329999999445e+02
5.270165190000000166e+02 6.622877009999999700e+02
5.270852849999999989e+02 6.517184650000000374e+02
5.271540519999999788e+02 6.511988890000000083e+02
5.272228189999999586e+02 6.514959619999999632e+02
5.272915850000000546e+02 6.523780110000000150e+02
5.273603520000000344e+02 6.449035760000000437e+02
5.274291180000000168e+02 6.658009459999999535e+02
5.274978849999999966e+02 6.637315620000000536e+02
5.275666519999999764e+02 6.610169959999999492e+02
5.276354179999999587e+02 6.535107379999999466e+02
5.277041850000000522e+02 6.478001289999999699e+02
5.277729510000000346e+02 6.434791910000000144e+02
5.278417180000000144e+02 6.575984700000000203e+02
5.279104849999999942e+02 6.501342319999999972e+02
5.279792509999999766e+02 6.530693850000000111e+02
5.280480179999999564e+02 6.681865129999999908e+02
5.281167840000000524e+02 6.719755880000000161e+02
5.281855510000000322e+02 6.684221310000000358e+02
5.282543180000000120e+02 6.640139460000000327e+02
5.283230839999999944e+02 6.598102380000000267e+02
5.283918509999999742e+02 6.503295309999999745e+02
5.284606169999999565e+02 6.321580030000000079e+02
5.285293840000000500e+02 6.376211990000000469e+02
5.285981510000000299e+02 6.307929950000000190e+02
5.286669170000000122e+02 6.326689089999999851e+02
5.287356839999999920e+02 6.326937259999999696e+02
5.288044499999999744e+02 6.358674320000000080e+02
5.288732169999999542e+02 6.433254140000000234e+02
5.289419840000000477e+02 6.395550680000000057e+02
5.290107500000000300e+02 6.428129719999999452e+02
5.290795170000000098e+02 6.514887740000000349e+02
5.291482829999999922e+02 6.494144860000000108e+02
5.292170499999999720e+02 6.557460499999999683e+02
5.292858169999999518e+02 6.374575459999999794e+02
5.293545830000000478e+02 6.356279039999999441e+02
5.294233500000000276e+02 6.421899409999999762e+02
5.294921160000000100e+02 6.566510990000000447e+02
5.295608829999999898e+02 6.601404519999999820e+02
5.296296499999999696e+02 6.525722849999999653e+02
5.296984159999999520e+02 6.556738259999999627e+02
5.297671830000000455e+02 6.584051269999999931e+02
5.298359490000000278e+02 6.585361199999999826e+02
5.299047160000000076e+02 6.604151590000000169e+02
5.299734829999999874e+02 6.622654939999999897e+02
5.300422489999999698e+02 6.635839260000000195e+02
5.301110159999999496e+02 6.680205339999999978e+02
5.301797820000000456e+02 6.647789970000000039e+02
5.302485490000000254e+02 6.611561980000000176e+02
5.303173160000000053e+02 6.515834519999999657e+02
5.303860819999999876e+02 6.565383560000000216e+02
5.304548489999999674e+02 6.572709780000000137e+02
5.305236149999999498e+02 6.575329299999999648e+02
5.305923820000000433e+02 6.571229869999999664e+02
5.306611490000000231e+02 6.693238219999999501e+02
5.307299150000000054e+02 6.572283129999999574e+02
5.307986819999999852e+02 6.630654080000000477e+02
5.308674479999999676e+02 6.669126449999999977e+02
5.309362149999999474e+02 6.642638640000000123e+02
5.310049820000000409e+02 6.752688630000000103e+02
5.310737480000000232e+02 6.693388350000000173e+02
5.311425150000000031e+02 6.575642080000000078e+02
5.312112809999999854e+02 6.657082199999999830e+02
5.312800479999999652e+02 6.708653000000000475e+02
5.313488149999999450e+02 6.609238360000000512e+02
5.314175810000000411e+02 6.515174279999999953e+02
5.314863480000000209e+02 6.537017819999999801e+02
5.315551140000000032e+02 6.578306310000000394e+02
5.316238809999999830e+02 6.560861400000000003e+02
5.316926479999999628e+02 6.424790839999999434e+02
5.317614139999999452e+02 6.599516609999999446e+02
5.318301810000000387e+02 6.734086180000000468e+02
5.318989470000000210e+02 6.679936669999999594e+02
5.319677140000000009e+02 6.723534769999999980e+02
5.320364809999999807e+02 6.820611089999999876e+02
5.321052469999999630e+02 6.774750940000000128e+02
5.321740140000000565e+02 6.723190120000000434e+02
5.322427800000000389e+02 6.819599170000000186e+02
5.323115470000000187e+02 6.703871480000000247e+02
5.323803139999999985e+02 6.709733169999999518e+02
5.324490799999999808e+02 6.733906520000000455e+02
5.325178469999999606e+02 6.679502559999999676e+02
5.325866130000000567e+02 6.749647380000000112e+02
5.326553800000000365e+02 6.715164680000000317e+02
5.327241470000000163e+02 6.671356879999999592e+02
5.327929129999999986e+02 6.684989510000000337e+02
5.328616799999999785e+02 6.753132990000000291e+02
5.329304459999999608e+02 6.735585859999999911e+02
5.329992130000000543e+02 6.642987699999999904e+02
5.330679800000000341e+02 6.607182119999999941e+02
5.331367460000000165e+02 6.591735370000000103e+02
5.332055129999999963e+02 6.598288529999999810e+02
5.332742789999999786e+02 6.516847589999999855e+02
5.333430459999999584e+02 6.556543390000000500e+02
5.334118130000000519e+02 6.437855879999999615e+02
5.334805790000000343e+02 6.488033530000000155e+02
5.335493460000000141e+02 6.569445970000000443e+02
5.336181119999999964e+02 6.511196780000000217e+02
5.336868789999999763e+02 6.567803360000000339e+02
5.337556459999999561e+02 6.638120179999999664e+02
5.338244120000000521e+02 6.615457079999999905e+02
5.338931790000000319e+02 6.561712109999999711e+02
5.339619450000000143e+02 6.559707049999999526e+02
5.340307119999999941e+02 6.680626519999999573e+02
5.340994789999999739e+02 6.685698429999999917e+02
5.341682449999999562e+02 6.690770340000000260e+02
5.342370120000000497e+02 6.695842249999999467e+02
5.343057780000000321e+02 6.791155290000000377e+02
5.343745450000000119e+02 6.740180850000000419e+02
5.344433119999999917e+02 6.630199639999999590e+02
5.345120779999999741e+02 6.659422949999999446e+02
5.345808449999999539e+02 6.490701970000000074e+02
5.346496110000000499e+02 6.299883429999999862e+02
5.347183780000000297e+02 6.169772110000000112e+02
5.347871450000000095e+02 6.427011959999999817e+02
5.348559109999999919e+02 6.470109149999999545e+02
5.349246779999999717e+02 6.712625279999999748e+02
5.349934439999999540e+02 6.705048809999999548e+02
5.350622110000000475e+02 6.947961659999999711e+02
5.351309780000000274e+02 7.099439260000000331e+02
5.351997440000000097e+02 7.329146170000000211e+02
5.352685109999999895e+02 7.091418569999999590e+02
5.353372769999999718e+02 6.741766310000000431e+02
5.354060439999999517e+02 6.407877459999999701e+02
5.354748110000000452e+02 5.734475519999999733e+02
5.355435770000000275e+02 5.253865670000000136e+02
5.356123440000000073e+02 4.858010869999999954e+02
5.356811099999999897e+02 4.829671450000000164e+02
5.357498769999999695e+02 4.874504469999999969e+02
5.358186439999999493e+02 4.893564359999999738e+02
5.358874100000000453e+02 4.822835610000000202e+02
5.359561770000000251e+02 4.773628909999999905e+02
5.360249430000000075e+02 4.861890829999999823e+02
5.360937099999999873e+02 4.799597549999999728e+02
5.361624769999999671e+02 4.736676790000000210e+02
5.362312429999999495e+02 4.750156690000000026e+02
5.363000100000000430e+02 4.778630130000000236e+02
5.363687760000000253e+02 4.682093590000000063e+02
5.364375430000000051e+02 4.751121259999999893e+02
5.365063099999999849e+02 4.781441409999999905e+02
5.365750759999999673e+02 4.910369600000000219e+02
5.366438429999999471e+02 4.750365409999999997e+02
5.367126090000000431e+02 4.612517829999999890e+02
5.367813760000000229e+02 4.674879490000000146e+02
5.368501430000000028e+02 4.827370090000000005e+02
5.369189089999999851e+02 4.704381549999999947e+02
5.369876759999999649e+02 4.656509669999999801e+02
5.370564419999999473e+02 4.709023890000000279e+02
5.371252090000000408e+02 4.697813449999999875e+02
5.371939760000000206e+02 4.637989880000000085e+02
5.372627420000000029e+02 4.615757150000000024e+02
5.373315089999999827e+02 4.600054049999999961e+02
5.374002749999999651e+02 4.607003889999999728e+02
5.374690419999999449e+02 4.593110659999999825e+02
5.375378090000000384e+02 4.744286969999999997e+02
5.376065750000000207e+02 4.753881789999999796e+02
5.376753420000000006e+02 4.657493850000000180e+02
5.377441079999999829e+02 4.678143460000000005e+02
5.378128749999999627e+02 4.603274959999999965e+02
5.378816420000000562e+02 4.606211030000000051e+02
5.379504080000000386e+02 4.564446580000000040e+02
5.380191750000000184e+02 4.630287000000000148e+02
5.380879410000000007e+02 4.619961779999999862e+02
5.381567079999999805e+02 4.882529959999999960e+02
5.382254749999999603e+02 5.022252379999999903e+02
5.382942410000000564e+02 5.669732330000000502e+02
5.383630080000000362e+02 5.964549019999999473e+02
5.384317740000000185e+02 6.383318669999999884e+02
5.385005409999999983e+02 6.420026000000000295e+02
5.385693079999999782e+02 6.243371919999999591e+02
5.386380739999999605e+02 6.118214239999999791e+02
5.387068410000000540e+02 5.941349940000000061e+02
5.387756070000000364e+02 5.826927930000000515e+02
5.388443740000000162e+02 5.910223320000000058e+02
5.389131409999999960e+02 6.164459839999999531e+02
5.389819069999999783e+02 6.373930510000000140e+02
5.390506739999999581e+02 6.321661179999999831e+02
5.391194400000000542e+02 6.899668060000000196e+02
5.391882070000000340e+02 6.488338390000000118e+02
5.392569740000000138e+02 6.463865620000000263e+02
5.393257399999999961e+02 6.384531719999999950e+02
5.393945069999999760e+02 6.506157140000000254e+02
5.394632729999999583e+02 6.184519520000000057e+02
5.395320400000000518e+02 5.986087079999999787e+02
5.396008070000000316e+02 6.287605979999999590e+02
5.396695730000000140e+02 6.249856200000000399e+02
5.397383399999999938e+02 6.352696819999999889e+02
5.398071059999999761e+02 6.447346760000000359e+02
5.398758729999999559e+02 6.267315579999999500e+02
5.399446400000000494e+02 6.225709520000000339e+02
5.400134060000000318e+02 6.303748030000000426e+02
5.400821730000000116e+02 6.133429449999999861e+02
5.401509389999999939e+02 5.963110880000000407e+02
5.402197059999999738e+02 5.670035769999999502e+02
5.402884729999999536e+02 5.566127559999999903e+02
5.403572390000000496e+02 5.904343089999999847e+02
5.404260060000000294e+02 6.284712630000000217e+02
5.404947720000000118e+02 6.070775129999999535e+02
5.405635389999999916e+02 6.110980849999999691e+02
5.406323059999999714e+02 5.933664780000000292e+02
5.407010719999999537e+02 5.994087809999999763e+02
5.407698390000000472e+02 5.897150560000000041e+02
5.408386050000000296e+02 5.936246439999999893e+02
5.409073720000000094e+02 6.070145459999999957e+02
5.409761389999999892e+02 5.951047389999999950e+02
5.410449049999999716e+02 5.921118800000000419e+02
5.411136719999999514e+02 5.791349320000000489e+02
5.411824380000000474e+02 5.583384379999999965e+02
5.412512050000000272e+02 4.950365249999999833e+02
5.413199720000000070e+02 4.771628079999999841e+02
5.413887379999999894e+02 4.754044299999999907e+02
5.414575049999999692e+02 4.764393119999999726e+02
5.415262709999999515e+02 4.743495879999999829e+02
5.415950380000000450e+02 4.722721920000000182e+02
5.416638050000000248e+02 4.683290390000000230e+02
5.417325710000000072e+02 4.790136499999999842e+02
5.418013379999999870e+02 4.623140050000000087e+02
5.418701039999999693e+02 4.560252600000000029e+02
5.419388709999999492e+02 4.585509440000000154e+02
5.420076380000000427e+02 4.680776589999999828e+02
5.420764040000000250e+02 4.634625480000000266e+02
5.421451710000000048e+02 4.660704719999999952e+02
5.422139369999999872e+02 4.626833179999999857e+02
5.422827039999999670e+02 4.528734929999999963e+02
5.423514709999999468e+02 4.448867409999999722e+02
5.424202370000000428e+02 4.499136129999999980e+02
5.424890040000000226e+02 4.498956870000000094e+02
5.425577700000000050e+02 4.442456470000000195e+02
5.426265369999999848e+02 4.488153530000000160e+02
5.426953039999999646e+02 4.566488770000000272e+02
5.427640699999999470e+02 4.662450600000000236e+02
5.428328370000000405e+02 4.624368499999999926e+02
5.429016030000000228e+02 4.360705360000000042e+02
5.429703700000000026e+02 4.427066379999999981e+02
5.430391369999999824e+02 4.406631070000000250e+02
5.431079029999999648e+02 4.349074679999999944e+02
5.431766699999999446e+02 4.328826209999999719e+02
5.432454360000000406e+02 4.338574110000000132e+02
5.433142030000000204e+02 4.351516859999999838e+02
5.433829700000000003e+02 4.216556079999999724e+02
5.434517359999999826e+02 4.222933970000000272e+02
5.435205029999999624e+02 4.228491440000000239e+02
5.435892689999999448e+02 4.229298999999999751e+02
5.436580360000000383e+02 4.076996839999999906e+02
5.437268030000000181e+02 4.076303899999999771e+02
5.437955690000000004e+02 4.146949650000000247e+02
5.438643359999999802e+02 4.078762520000000222e+02
5.439331019999999626e+02 4.015874739999999861e+02
5.440018690000000561e+02 4.010004129999999805e+02
5.440706360000000359e+02 3.962560260000000198e+02
5.441394020000000182e+02 3.864559100000000171e+02
5.442081689999999981e+02 3.891080580000000282e+02
5.442769349999999804e+02 3.885576570000000061e+02
5.443457019999999602e+02 3.900858650000000125e+02
5.444144690000000537e+02 3.875758819999999787e+02
5.444832350000000361e+02 3.835605919999999855e+02
5.445520020000000159e+02 3.817906110000000126e+02
5.446207679999999982e+02 3.887396860000000061e+02
5.446895349999999780e+02 3.833122399999999743e+02
5.447583019999999578e+02 3.831287750000000187e+02
5.448270680000000539e+02 3.829798930000000041e+02
5.448958350000000337e+02 3.822358839999999987e+02
5.449646010000000160e+02 3.835008839999999850e+02
5.450333679999999958e+02 3.834176110000000222e+02
5.451021349999999757e+02 3.807082740000000172e+02
5.451709009999999580e+02 3.850761229999999955e+02
5.452396680000000515e+02 3.835240059999999858e+02
5.453084340000000338e+02 3.891414649999999824e+02
5.453772010000000137e+02 3.865966490000000135e+02
5.454459679999999935e+02 3.830230280000000107e+02
5.455147339999999758e+02 3.774766290000000026e+02
5.455835009999999556e+02 3.792902920000000222e+02
5.456522670000000517e+02 3.799491120000000137e+02
5.457210340000000315e+02 3.779684240000000273e+02
5.457898010000000113e+02 3.759575560000000110e+02
5.458585669999999936e+02 3.795877320000000168e+02
5.459273339999999735e+02 3.803364490000000160e+02
5.459960999999999558e+02 3.722054640000000063e+02
5.460648670000000493e+02 3.741414419999999836e+02
5.461336340000000291e+02 3.773918709999999805e+02
5.462024000000000115e+02 3.789110650000000078e+02
5.462711669999999913e+02 3.774812739999999849e+02
5.463399329999999736e+02 3.837304700000000253e+02
5.464086999999999534e+02 3.816037440000000061e+02
5.464774670000000469e+02 3.794770189999999843e+02
5.465462330000000293e+02 3.737942110000000184e+02
5.466150000000000091e+02 3.743079950000000053e+02
5.466837659999999914e+02 3.712506109999999921e+02
5.467525329999999713e+02 3.722377930000000106e+02
5.468212999999999511e+02 3.718065930000000208e+02
5.468900660000000471e+02 3.728168660000000045e+02
5.469588330000000269e+02 3.673556009999999787e+02
5.470275990000000093e+02 3.717651609999999778e+02
5.470963659999999891e+02 3.729616149999999948e+02
5.471651329999999689e+02 3.702990859999999884e+02
5.472338989999999512e+02 3.706961939999999913e+02
5.473026660000000447e+02 3.710933029999999917e+02
5.473714320000000271e+02 3.718174849999999765e+02
5.474401990000000069e+02 3.753743920000000003e+02
5.475089659999999867e+02 3.752621100000000069e+02
5.475777319999999690e+02 3.778668430000000171e+02
5.476464989999999489e+02 3.816097080000000119e+02
5.477152650000000449e+02 3.821610130000000254e+02
5.477840320000000247e+02 3.799131990000000201e+02
5.478527990000000045e+02 3.949586659999999938e+02
5.479215649999999869e+02 3.906313840000000255e+02
5.479903319999999667e+02 3.920729400000000169e+02
5.480590979999999490e+02 3.935144960000000083e+02
5.481278650000000425e+02 4.065673570000000154e+02
5.481966320000000223e+02 4.061930709999999749e+02
5.482653980000000047e+02 3.962812880000000177e+02
5.483341649999999845e+02 3.971999599999999759e+02
5.484029309999999668e+02 3.936241580000000226e+02
5.484716979999999467e+02 4.034084100000000035e+02
5.485404650000000402e+02 3.984030680000000189e+02
5.486092310000000225e+02 4.043969779999999901e+02
5.486779980000000023e+02 3.999554800000000228e+02
5.487467639999999847e+02 3.979082060000000070e+02
5.488155309999999645e+02 3.979045639999999935e+02
5.488842979999999443e+02 3.827009229999999889e+02
5.489530640000000403e+02 3.721966509999999744e+02
5.490218310000000201e+02 3.674436180000000149e+02
5.490905970000000025e+02 3.695739740000000211e+02
5.491593639999999823e+02 3.726244689999999764e+02
5.492281309999999621e+02 3.764631229999999960e+02
5.492968969999999445e+02 3.829373269999999820e+02
5.493656640000000380e+02 3.786927420000000097e+02
5.494344300000000203e+02 3.770064770000000181e+02
5.495031970000000001e+02 3.795884669999999801e+02
5.495719639999999799e+02 3.845544409999999971e+02
5.496407299999999623e+02 3.915155009999999720e+02
5.497094970000000558e+02 3.858611080000000015e+02
5.497782630000000381e+02 3.789409190000000081e+02
5.498470300000000179e+02 3.719589730000000145e+02
5.499157969999999978e+02 3.826199790000000007e+02
5.499845629999999801e+02 3.786048680000000104e+02
5.500533299999999599e+02 3.766548040000000128e+02
5.501220960000000559e+02 3.821019979999999805e+02
5.501908630000000358e+02 3.690851200000000176e+02
5.502596300000000156e+02 3.742045919999999910e+02
5.503283959999999979e+02 3.671228169999999977e+02
5.503971629999999777e+02 3.725623959999999784e+02
5.504659289999999601e+02 3.723771560000000136e+02
5.505346960000000536e+02 3.727128210000000195e+02
5.506034630000000334e+02 3.724052619999999933e+02
5.506722290000000157e+02 3.780036029999999982e+02
5.507409959999999955e+02 3.765842729999999960e+02
5.508097619999999779e+02 3.725963280000000282e+02
5.508785289999999577e+02 3.716045980000000100e+02
5.509472960000000512e+02 3.753241679999999860e+02
5.510160620000000335e+02 3.809719370000000254e+02
5.510848290000000134e+02 3.881075289999999995e+02
5.511535949999999957e+02 3.813335010000000125e+02
5.512223619999999755e+02 3.877057459999999764e+02
5.512911289999999553e+02 3.893905770000000075e+02
5.513598950000000514e+02 3.914449169999999754e+02
5.514286620000000312e+02 3.956817179999999894e+02
5.514974280000000135e+02 3.884437270000000240e+02
5.515661949999999933e+02 3.876855380000000082e+02
5.516349619999999732e+02 3.930852629999999976e+02
5.517037279999999555e+02 4.077031240000000025e+02
5.517724950000000490e+02 4.306615810000000124e+02
5.518412610000000313e+02 4.541145869999999718e+02
5.519100280000000112e+02 4.517133049999999912e+02
5.519787949999999910e+02 4.128190379999999777e+02
5.520475609999999733e+02 3.918398619999999823e+02
5.521163279999999531e+02 3.841029080000000135e+02
5.521850940000000492e+02 3.800076290000000085e+02
5.522538610000000290e+02 3.781760530000000244e+02
5.523226280000000088e+02 3.806714430000000107e+02
5.523913939999999911e+02 3.868889629999999897e+02
5.524601609999999710e+02 3.922133749999999850e+02
5.525289269999999533e+02 3.958585199999999986e+02
5.525976940000000468e+02 4.026980639999999880e+02
5.526664610000000266e+02 4.009152020000000221e+02
5.527352270000000090e+02 4.075357139999999845e+02
5.528039939999999888e+02 4.272195849999999950e+02
5.528727599999999711e+02 4.503983010000000036e+02
5.529415269999999509e+02 4.655924449999999979e+02
5.530102940000000444e+02 4.793696519999999737e+02
5.530790600000000268e+02 4.789713499999999726e+02
5.531478270000000066e+02 4.163069259999999758e+02
5.532165929999999889e+02 4.004722100000000182e+02
5.532853599999999687e+02 4.028714899999999943e+02
5.533541269999999486e+02 3.976354680000000030e+02
5.534228930000000446e+02 3.921219009999999798e+02
5.534916600000000244e+02 3.955180609999999888e+02
5.535604260000000068e+02 3.899082760000000007e+02
5.536291929999999866e+02 3.928972380000000157e+02
5.536979599999999664e+02 3.956493280000000254e+02
5.537667259999999487e+02 3.949682080000000042e+02
5.538354930000000422e+02 4.018633330000000115e+02
5.539042590000000246e+02 4.049063840000000027e+02
5.539730260000000044e+02 4.009685809999999719e+02
5.540417929999999842e+02 4.001301169999999843e+02
5.541105589999999665e+02 3.989402170000000183e+02
5.541793259999999464e+02 4.010133880000000204e+02
5.542480920000000424e+02 3.965722250000000031e+02
5.543168590000000222e+02 4.054067309999999793e+02
5.543856260000000020e+02 4.073708439999999769e+02
5.544543919999999844e+02 3.976100260000000048e+02
5.545231589999999642e+02 3.905073960000000284e+02
5.545919249999999465e+02 4.020156029999999987e+02
5.546606920000000400e+02 4.061688330000000065e+02
5.547294590000000198e+02 4.215399320000000216e+02
5.547982250000000022e+02 4.249336440000000152e+02
5.548669919999999820e+02 4.004524840000000268e+02
5.549357579999999643e+02 4.023517249999999876e+02
5.550045249999999442e+02 3.958061250000000086e+02
5.550732920000000377e+02 3.978269250000000170e+02
5.551420580000000200e+02 4.005876329999999825e+02
5.552108249999999998e+02 4.004961789999999837e+02
5.552795909999999822e+02 3.949476789999999937e+02
5.553483579999999620e+02 4.059658870000000093e+02
5.554171250000000555e+02 4.110527470000000108e+02
5.554858910000000378e+02 4.156331200000000194e+02
5.555546580000000176e+02 4.199725649999999746e+02
5.556234240000000000e+02 4.023634769999999889e+02
5.556921909999999798e+02 4.106103380000000129e+02
5.557609579999999596e+02 4.083954079999999749e+02
5.558297240000000556e+02 4.120701290000000085e+02
5.558984910000000355e+02 4.239014599999999859e+02
5.559672570000000178e+02 4.195427879999999732e+02
5.560360239999999976e+02 4.254504729999999881e+02
5.561047909999999774e+02 4.407551030000000196e+02
5.561735569999999598e+02 4.574555950000000166e+02
5.562423240000000533e+02 4.689108330000000251e+02
5.563110900000000356e+02 4.862319719999999847e+02
5.563798570000000154e+02 4.949364840000000072e+02
5.564486239999999952e+02 4.945936080000000175e+02
5.565173899999999776e+02 4.963601800000000139e+02
5.565861569999999574e+02 4.949580359999999928e+02
5.566549230000000534e+02 4.461238079999999968e+02
5.567236900000000333e+02 4.167969969999999762e+02
5.567924570000000131e+02 4.024521700000000237e+02
5.568612229999999954e+02 3.991440380000000232e+02
5.569299899999999752e+02 4.088784150000000182e+02
5.569987559999999576e+02 4.085494509999999764e+02
5.570675230000000511e+02 4.085485360000000128e+02
5.571362900000000309e+02 4.138760229999999751e+02
5.572050560000000132e+02 4.138624560000000088e+02
5.572738229999999930e+02 4.168984019999999759e+02
5.573425889999999754e+02 4.209141179999999736e+02
5.574113559999999552e+02 4.244795520000000124e+02
5.574801230000000487e+02 4.260465040000000272e+02
5.575488890000000310e+02 4.316072760000000130e+02
5.576176560000000109e+02 4.532059530000000223e+02
5.576864219999999932e+02 4.702909109999999941e+02
5.577551889999999730e+02 4.913491849999999772e+02
5.578239559999999528e+02 4.847266720000000078e+02
5.578927220000000489e+02 5.017214389999999753e+02
5.579614890000000287e+02 4.831972089999999866e+02
5.580302550000000110e+02 4.204991170000000125e+02
5.580990219999999908e+02 4.239481789999999819e+02
5.581677889999999707e+02 4.238086109999999849e+02
5.582365549999999530e+02 4.237915919999999801e+02
5.583053220000000465e+02 4.235383820000000128e+02
5.583740880000000288e+02 4.250640970000000038e+02
5.584428550000000087e+02 4.254532720000000268e+02
5.585116219999999885e+02 4.358852969999999800e+02
5.585803879999999708e+02 4.492622160000000235e+02
5.586491549999999506e+02 4.513675590000000284e+02
5.587179210000000467e+02 4.459193290000000047e+02
5.587866880000000265e+02 4.675983410000000049e+02
5.588554550000000063e+02 5.062735620000000267e+02
5.589242209999999886e+02 5.179201239999999871e+02
5.589929879999999685e+02 5.194026460000000043e+02
5.590617539999999508e+02 5.223044130000000678e+02
5.591305210000000443e+02 5.284950029999999970e+02
5.591992880000000241e+02 5.316667239999999310e+02
5.592680540000000065e+02 5.333960420000000795e+02
5.593368209999999863e+02 5.178892359999999826e+02
5.594055869999999686e+02 5.407633819999999787e+02
5.594743539999999484e+02 5.485784550000000763e+02
5.595431210000000419e+02 5.122980299999999261e+02
5.596118870000000243e+02 4.435265539999999760e+02
5.596806540000000041e+02 4.263403270000000020e+02
5.597494199999999864e+02 4.243321119999999951e+02
5.598181869999999662e+02 4.230064830000000029e+02
5.598869539999999461e+02 4.319657399999999825e+02
5.599557200000000421e+02 4.338844330000000014e+02
5.600244870000000219e+02 4.366037689999999998e+02
5.600932530000000042e+02 4.342479809999999816e+02
5.601620199999999841e+02 4.240729430000000093e+02
5.602307869999999639e+02 4.351303100000000086e+02
5.602995529999999462e+02 4.264862210000000005e+02
5.603683200000000397e+02 4.303756440000000225e+02
5.604370860000000221e+02 4.288183379999999829e+02
5.605058530000000019e+02 4.337219569999999749e+02
5.605746199999999817e+02 4.417311559999999986e+02
5.606433859999999640e+02 4.454077110000000062e+02
5.607121529999999439e+02 4.435881180000000086e+02
5.607809190000000399e+02 4.622230720000000019e+02
5.608496860000000197e+02 4.685804580000000215e+02
5.609184529999999995e+02 5.075547230000000241e+02
5.609872189999999819e+02 5.122456220000000258e+02
5.610559859999999617e+02 5.033688569999999913e+02
5.611247519999999440e+02 4.866604379999999992e+02
5.611935190000000375e+02 5.088513750000000186e+02
5.612622860000000173e+02 5.241275570000000243e+02
5.613310519999999997e+02 5.547500390000000152e+02
5.613998189999999795e+02 5.609862170000000106e+02
5.614685849999999618e+02 5.495929180000000542e+02
5.615373520000000553e+02 5.475104610000000775e+02
5.616061190000000352e+02 5.488269599999999855e+02
5.616748850000000175e+02 5.329091740000000073e+02
5.617436519999999973e+02 5.444815320000000156e+02
5.618124179999999797e+02 5.471979539999999815e+02
5.618811849999999595e+02 5.503601229999999305e+02
5.619499520000000530e+02 5.403914540000000670e+02
5.620187180000000353e+02 5.420895600000000059e+02
5.620874850000000151e+02 5.421144590000000107e+02
5.621562509999999975e+02 5.646607060000000047e+02
5.622250179999999773e+02 5.572845760000000155e+02
5.622937849999999571e+02 5.223148559999999634e+02
5.623625510000000531e+02 4.480545819999999821e+02
5.624313180000000330e+02 4.436732369999999719e+02
5.625000840000000153e+02 4.386883060000000114e+02
5.625688509999999951e+02 4.353962189999999737e+02
5.626376179999999749e+02 4.325167680000000132e+02
5.627063839999999573e+02 4.448511639999999829e+02
5.627751510000000508e+02 4.393540449999999851e+02
5.628439170000000331e+02 4.378986800000000130e+02
5.629126840000000129e+02 4.377482229999999959e+02
5.629814509999999927e+02 4.402951130000000148e+02
5.630502169999999751e+02 4.334276950000000284e+02
5.631189839999999549e+02 4.436925550000000271e+02
5.631877500000000509e+02 4.438396769999999947e+02
5.632565170000000307e+02 4.382703549999999950e+02
5.633252840000000106e+02 4.371231169999999793e+02
5.633940499999999929e+02 4.389009819999999991e+02
5.634628169999999727e+02 4.336179250000000138e+02
5.635315829999999551e+02 4.407223139999999830e+02
5.636003500000000486e+02 4.323902499999999804e+02
5.636691170000000284e+02 4.512802469999999744e+02
5.637378830000000107e+02 4.520530729999999835e+02
5.638066499999999905e+02 4.139888389999999845e+02
5.638754159999999729e+02 4.176372400000000198e+02
5.639441829999999527e+02 4.111271929999999770e+02
5.640129500000000462e+02 4.150475059999999985e+02
5.640817160000000285e+02 4.164257380000000239e+02
5.641504830000000084e+02 4.110431940000000282e+02
5.642192489999999907e+02 4.150445409999999811e+02
5.642880159999999705e+02 4.173429540000000202e+02
5.643567829999999503e+02 4.174334450000000061e+02
5.644255490000000464e+02 4.210635199999999827e+02
5.644943160000000262e+02 4.645029660000000149e+02
5.645630820000000085e+02 4.768510170000000130e+02
5.646318489999999883e+02 4.432691159999999968e+02
5.647006159999999682e+02 4.215216580000000022e+02
5.647693819999999505e+02 4.176400399999999991e+02
5.648381490000000440e+02 4.170537529999999720e+02
5.649069150000000263e+02 4.099961569999999824e+02
5.649756820000000062e+02 4.087761039999999753e+02
5.650444489999999860e+02 4.094438129999999774e+02
5.651132149999999683e+02 4.241126160000000027e+02
5.651819819999999481e+02 4.182609009999999898e+02
5.652507480000000442e+02 4.213191820000000121e+02
5.653195150000000240e+02 4.215535140000000069e+02
5.653882820000000038e+02 4.259157539999999926e+02
5.654570479999999861e+02 4.279368029999999976e+02
5.655258149999999659e+02 4.349721379999999726e+02
5.655945809999999483e+02 4.379989320000000248e+02
5.656633480000000418e+02 4.445252060000000256e+02
5.657321150000000216e+02 4.477602059999999824e+02
5.658008810000000040e+02 4.746148370000000227e+02
5.658696479999999838e+02 4.815245100000000207e+02
5.659384139999999661e+02 4.810923540000000003e+02
5.660071809999999459e+02 4.559326179999999908e+02
5.660759480000000394e+02 4.686611459999999738e+02
5.661447140000000218e+02 4.807250999999999976e+02
5.662134810000000016e+02 4.725049300000000017e+02
5.662822469999999839e+02 4.828953569999999900e+02
5.663510139999999637e+02 4.904450689999999895e+02
5.664197809999999436e+02 4.746906319999999937e+02
5.664885470000000396e+02 4.283405379999999809e+02
5.665573140000000194e+02 4.120081010000000106e+02
5.666260800000000017e+02 4.073812019999999734e+02
5.666948469999999816e+02 4.090917919999999981e+02
5.667636139999999614e+02 4.096355449999999792e+02
5.668323799999999437e+02 4.140700190000000021e+02
5.669011470000000372e+02 4.127008359999999811e+02
5.669699130000000196e+02 4.107153650000000198e+02
5.670386799999999994e+02 4.087661400000000071e+02
5.671074469999999792e+02 4.170787639999999783e+02
5.671762129999999615e+02 4.146943160000000148e+02
5.672449800000000550e+02 4.191608219999999960e+02
5.673137460000000374e+02 4.156898590000000127e+02
5.673825130000000172e+02 4.128710459999999784e+02
5.674512799999999970e+02 4.068131849999999758e+02
5.675200459999999794e+02 4.207177520000000186e+02
5.675888129999999592e+02 4.254841309999999908e+02
5.676575790000000552e+02 4.294499850000000265e+02
5.677263460000000350e+02 4.404674440000000004e+02
5.677951130000000148e+02 4.436312439999999810e+02
5.678638789999999972e+02 4.538282110000000102e+02
5.679326459999999770e+02 4.551333789999999908e+02
5.680014119999999593e+02 4.486845700000000079e+02
5.680701790000000528e+02 4.594828120000000240e+02
5.681389460000000327e+02 4.622310770000000275e+02
5.682077120000000150e+02 4.680232359999999971e+02
5.682764789999999948e+02 4.762007500000000277e+02
5.683452449999999772e+02 4.680680929999999762e+02
5.684140119999999570e+02 4.937574129999999855e+02
5.684827790000000505e+02 4.989447349999999801e+02
5.685515450000000328e+02 4.878369940000000042e+02
5.686203120000000126e+02 4.854093470000000252e+02
5.686890779999999950e+02 4.819296529999999734e+02
5.687578449999999748e+02 4.768211230000000000e+02
5.688266119999999546e+02 4.838261979999999767e+02
5.688953780000000506e+02 4.813049240000000282e+02
5.689641450000000304e+02 4.854590360000000260e+02
5.690329110000000128e+02 4.879826380000000086e+02
5.691016779999999926e+02 4.951236999999999853e+02
5.691704449999999724e+02 5.014343430000000126e+02
5.692392109999999548e+02 4.811197159999999826e+02
5.693079780000000483e+02 4.281914800000000128e+02
5.693767440000000306e+02 4.217086909999999875e+02
5.694455110000000104e+02 4.206126570000000129e+02
5.695142779999999902e+02 4.186873590000000149e+02
5.695830439999999726e+02 4.123725680000000011e+02
5.696518109999999524e+02 4.139823440000000119e+02
5.697205770000000484e+02 4.133410450000000083e+02
5.697893440000000282e+02 4.165604369999999790e+02
5.698581110000000081e+02 4.241326399999999808e+02
5.699268769999999904e+02 4.152242019999999911e+02
5.699956439999999702e+02 4.170856170000000134e+02
5.700644099999999526e+02 4.212473600000000147e+02
5.701331770000000461e+02 4.099115929999999821e+02
5.702019440000000259e+02 4.228636599999999817e+02
5.702707100000000082e+02 4.189280249999999910e+02
5.703394769999999880e+02 4.185768279999999777e+02
5.704082429999999704e+02 4.236308070000000043e+02
5.704770099999999502e+02 4.247408280000000218e+02
5.705457770000000437e+02 4.250787799999999947e+02
5.706145430000000260e+02 4.191383060000000000e+02
5.706833100000000059e+02 4.159078210000000126e+02
5.707520759999999882e+02 4.233021959999999808e+02
5.708208429999999680e+02 4.215247889999999984e+02
5.708896099999999478e+02 4.293468119999999999e+02
5.709583760000000439e+02 4.388712360000000103e+02
5.710271430000000237e+02 4.634756669999999872e+02
5.710959090000000060e+02 4.724276360000000068e+02
5.711646759999999858e+02 4.814263010000000236e+02
5.712334429999999657e+02 4.710948750000000018e+02
5.713022089999999480e+02 4.521092590000000087e+02
5.713709760000000415e+02 4.367915439999999876e+02
5.714397420000000238e+02 4.488427369999999996e+02
5.715085090000000037e+02 4.636237140000000068e+02
5.715772759999999835e+02 4.571041640000000257e+02
5.716460419999999658e+02 4.625406300000000215e+02
5.717148089999999456e+02 4.663184069999999792e+02
5.717835750000000417e+02 4.654418140000000221e+02
5.718523420000000215e+02 4.514002939999999739e+02
5.719211090000000013e+02 4.798625880000000166e+02
5.719898749999999836e+02 4.711307830000000081e+02
5.720586419999999634e+02 4.632572470000000067e+02
5.721274079999999458e+02 4.682711269999999786e+02
5.721961750000000393e+02 4.650097719999999981e+02
5.722649420000000191e+02 4.824647879999999986e+02
5.723337080000000014e+02 4.696136270000000081e+02
5.724024749999999813e+02 4.765776430000000232e+02
5.724712409999999636e+02 4.681635769999999752e+02
5.725400079999999434e+02 4.804388619999999719e+02
5.726087750000000369e+02 4.881841620000000148e+02
5.726775410000000193e+02 4.976459709999999745e+02
5.727463079999999991e+02 4.948098580000000197e+02
5.728150739999999814e+02 4.810290039999999863e+02
5.728838409999999612e+02 4.816619800000000282e+02
5.729526080000000547e+02 4.887424149999999941e+02
5.730213740000000371e+02 5.036881389999999783e+02
5.730901410000000169e+02 5.040639150000000086e+02
5.731589069999999992e+02 5.028589810000000284e+02
5.732276739999999791e+02 5.018892030000000091e+02
5.732964409999999589e+02 5.023204170000000204e+02
5.733652070000000549e+02 5.013145809999999756e+02
5.734339740000000347e+02 4.974805210000000102e+02
5.735027400000000171e+02 5.045047339999999849e+02
5.735715069999999969e+02 5.098089620000000082e+02
5.736402739999999767e+02 4.999340329999999994e+02
5.737090399999999590e+02 4.979657199999999762e+02
5.737778070000000525e+02 5.110889990000000012e+02
5.738465730000000349e+02 5.031048129999999787e+02
5.739153400000000147e+02 4.959756600000000049e+02
5.739841069999999945e+02 5.056271409999999946e+02
5.740528729999999769e+02 5.098320509999999786e+02
5.741216399999999567e+02 4.997997859999999832e+02
5.741904060000000527e+02 5.055951800000000276e+02
5.742591730000000325e+02 5.137857830000000376e+02
5.743279400000000123e+02 5.133053760000000239e+02
5.743967059999999947e+02 5.099992599999999925e+02
5.744654729999999745e+02 5.245445869999999786e+02
5.745342389999999568e+02 5.300703610000000481e+02
5.746030060000000503e+02 5.154129000000000360e+02
5.746717730000000302e+02 4.568020089999999982e+02
5.747405390000000125e+02 4.496104280000000131e+02
5.748093059999999923e+02 4.441768420000000219e+02
5.748780719999999747e+02 4.467200339999999983e+02
5.749468389999999545e+02 4.456130949999999871e+02
5.750156060000000480e+02 4.497125130000000013e+02
5.750843720000000303e+02 4.520836830000000077e+02
5.751531390000000101e+02 4.533837580000000003e+02
5.752219049999999925e+02 4.524238730000000146e+02
5.752906719999999723e+02 4.521357100000000173e+02
5.753594389999999521e+02 4.518475470000000200e+02
5.754282050000000481e+02 4.476917040000000156e+02
5.754969720000000279e+02 4.495328519999999912e+02
5.755657380000000103e+02 4.528342999999999847e+02
5.756345049999999901e+02 4.484202430000000277e+02
5.757032719999999699e+02 4.452077289999999721e+02
5.757720379999999523e+02 4.449422569999999837e+02
5.758408050000000458e+02 4.419095379999999977e+02
5.759095710000000281e+02 4.512069859999999721e+02
5.759783380000000079e+02 4.476275150000000167e+02
5.760471049999999877e+02 4.501852460000000065e+02
5.761158709999999701e+02 4.472385620000000017e+02
5.761846379999999499e+02 4.526374739999999974e+02
5.762534040000000459e+02 4.481939419999999927e+02
5.763221710000000257e+02 4.463290979999999877e+02
5.763909380000000056e+02 4.537057990000000132e+02
5.764597039999999879e+02 4.475676490000000172e+02
5.765284709999999677e+02 4.615066540000000259e+02
5.765972369999999501e+02 4.608356899999999996e+02
5.766660040000000436e+02 4.546970820000000231e+02
5.767347710000000234e+02 4.322809940000000211e+02
5.768035370000000057e+02 4.316278159999999957e+02
5.768723039999999855e+02 4.157776729999999930e+02
5.769410699999999679e+02 4.154279270000000110e+02
5.770098369999999477e+02 4.169761780000000044e+02
5.770786040000000412e+02 4.157059869999999933e+02
5.771473700000000235e+02 4.264367589999999950e+02
5.772161370000000034e+02 4.391400719999999751e+02
5.772849029999999857e+02 4.391659880000000271e+02
5.773536699999999655e+02 4.390964999999999918e+02
5.774224369999999453e+02 4.415357260000000110e+02
5.774912030000000414e+02 4.447266529999999989e+02
5.775599700000000212e+02 4.642564570000000117e+02
5.776287360000000035e+02 4.793402239999999779e+02
5.776975029999999833e+02 4.552529700000000048e+02
5.777662699999999631e+02 4.524386289999999917e+02
5.778350359999999455e+02 4.562617539999999963e+02
5.779038030000000390e+02 4.688638859999999795e+02
5.779725690000000213e+02 4.823385079999999903e+02
5.780413360000000011e+02 4.732666750000000206e+02
5.781101029999999810e+02 4.423411130000000071e+02
5.781788689999999633e+02 4.352651900000000182e+02
5.782476360000000568e+02 4.384718330000000037e+02
5.783164020000000392e+02 4.365711160000000177e+02
5.783851690000000190e+02 4.290875930000000267e+02
5.784539359999999988e+02 4.325076980000000049e+02
5.785227019999999811e+02 4.311248410000000035e+02
5.785914689999999609e+02 4.454756269999999745e+02
5.786602349999999433e+02 4.525249830000000202e+02
5.787290020000000368e+02 4.526267490000000180e+02
5.787977690000000166e+02 4.591399329999999850e+02
5.788665349999999989e+02 4.649583640000000173e+02
5.789353019999999788e+02 4.743042580000000044e+02
5.790040679999999611e+02 4.554201649999999972e+02
5.790728350000000546e+02 4.604276449999999841e+02
5.791416020000000344e+02 4.619086819999999989e+02
5.792103680000000168e+02 4.620009870000000092e+02
5.792791349999999966e+02 4.577313619999999901e+02
5.793479009999999789e+02 4.603148749999999723e+02
5.794166679999999587e+02 4.682704850000000079e+02
5.794854350000000522e+02 4.677912519999999859e+02
5.795542010000000346e+02 4.795850149999999985e+02
5.796229680000000144e+02 4.888617750000000228e+02
5.796917339999999967e+02 4.798792389999999841e+02
5.797605009999999766e+02 4.795173379999999952e+02
5.798292679999999564e+02 4.790961849999999913e+02
5.798980340000000524e+02 4.790225100000000111e+02
5.799668010000000322e+02 4.802290610000000015e+02
5.800355670000000146e+02 4.865804239999999936e+02
5.801043339999999944e+02 4.809713499999999726e+02
5.801731009999999742e+02 4.844586830000000077e+02
5.802418669999999565e+02 4.668414200000000278e+02
5.803106340000000500e+02 4.764429450000000088e+02
5.803794000000000324e+02 4.657940360000000055e+02
5.804481670000000122e+02 4.764210870000000000e+02
5.805169339999999920e+02 4.762647420000000125e+02
5.805856999999999744e+02 4.811312629999999899e+02
5.806544669999999542e+02 4.793537860000000137e+02
5.807232330000000502e+02 4.815922590000000127e+02
