5.120253999999999905e+02 5.957673119999999471e+02
5.120941669999999704e+02 6.084896552000000156e+02
5.121629329999999527e+02 6.123197136000000000e+02
5.122317000000000462e+02 6.102043147200000703e+02
5.123004660000000285e+02 6.072240888000000041e+02
5.123692330000000084e+02 6.017144593600002054e+02
5.124379999999999882e+02 6.003234036799999558e+02
5.125067659999999705e+02 5.990448856000000433e+02
5.125755329999999503e+02 5.970428620800001909e+02
5.126442990000000464e+02 5.986809528000000000e+02
5.127130660000000262e+02 6.034160518400000228e+02
5.127818330000000060e+02 6.179627921600000491e+02
5.128505989999999883e+02 6.221176897600000757e+02
5.129193659999999682e+02 6.249618625599999859e+02
5.129881319999999505e+02 6.261177294400000619e+02
5.130568990000000440e+02 6.281541123200000811e+02
5.131256660000000238e+02 6.151435763199999656e+02
5.131944320000000062e+02 6.133600648000000319e+02
5.132631989999999860e+02 6.096854187200000297e+02
5.133319649999999683e+02 6.089896713599998748e+02
5.134007319999999481e+02 6.125653161600000658e+02
5.134694990000000416e+02 6.139782152000000224e+02
5.135382650000000240e+02 6.140412062400000650e+02
5.136070320000000038e+02 6.229695819200001097e+02
5.136757979999999861e+02 6.259301518400001214e+02
5.137445649999999659e+02 6.244205329600000596e+02
5.138133319999999458e+02 6.245447409600000128e+02
5.138820980000000418e+02 6.219064656000000468e+02
5.139508650000000216e+02 6.165588732800002845e+02
5.140196310000000040e+02 6.126159334400000489e+02
5.140883979999999838e+02 6.053106516800000918e+02
5.141571649999999636e+02 6.046258769600000278e+02
5.142259309999999459e+02 6.070585729599999922e+02
5.142946980000000394e+02 6.090074939200000017e+02
5.143634640000000218e+02 6.100237662400001000e+02
5.144322310000000016e+02 6.129410582400000749e+02
5.145009979999999814e+02 6.123714273600000979e+02
5.145697639999999637e+02 6.172299403200000825e+02
5.146385309999999436e+02 6.158447769599999901e+02
5.147072970000000396e+02 6.221655496000000767e+02
5.147760640000000194e+02 6.213221022400000493e+02
5.148448309999999992e+02 6.226137388800000281e+02
5.149135969999999816e+02 6.225231174400001919e+02
5.149823639999999614e+02 6.253915998400000262e+02
5.150511299999999437e+02 6.283474758400001292e+02
5.151198970000000372e+02 6.365250528000001395e+02
5.151886640000000170e+02 6.419019409600000472e+02
5.152574299999999994e+02 6.331422865600000023e+02
5.153261969999999792e+02 6.372700723200000539e+02
5.153949629999999615e+02 6.257980220800001234e+02
5.154637300000000550e+02 6.228073756800000638e+02
5.155324970000000349e+02 6.271640177600000925e+02
5.156012630000000172e+02 6.231781371200000876e+02
5.156700299999999970e+02 6.170415977600000588e+02
5.157387959999999794e+02 6.184173766399999295e+02
5.158075629999999592e+02 6.202109424000000217e+02
5.158763300000000527e+02 6.285409233600000789e+02
5.159450960000000350e+02 6.284979153600000927e+02
5.160138630000000148e+02 6.278524145599998292e+02
5.160826289999999972e+02 6.308555142400001614e+02
5.161513959999999770e+02 6.342212004799999931e+02
5.162201629999999568e+02 6.348434411200000795e+02
5.162889290000000528e+02 6.334820408000000498e+02
5.163576960000000327e+02 6.298753137600001537e+02
5.164264620000000150e+02 6.247410971199999494e+02
5.164952289999999948e+02 6.267832446400000208e+02
5.165639959999999746e+02 6.301264099200001283e+02
5.166327619999999570e+02 6.295392051200000196e+02
5.167015290000000505e+02 6.242398131200001217e+02
5.167702950000000328e+02 6.243128404800000908e+02
5.168390620000000126e+02 6.279415038400001094e+02
5.169078289999999924e+02 6.328360113600000432e+02
5.169765949999999748e+02 6.306018297599999869e+02
5.170453619999999546e+02 6.255708121600001732e+02
5.171141280000000506e+02 6.249453291199999967e+02
5.171828950000000304e+02 6.242910878400000456e+02
5.172516620000000103e+02 6.206984089600000516e+02
5.173204279999999926e+02 6.177495833600000879e+02
5.173891949999999724e+02 6.175803222400001005e+02
5.174579609999999548e+02 6.153750881600000184e+02
5.175267280000000483e+02 6.180217859200000703e+02
5.175954950000000281e+02 6.229941424000001007e+02
5.176642610000000104e+02 6.244823312000000897e+02
5.177330279999999902e+02 6.277237556800000675e+02
5.178017939999999726e+02 6.273456369600000926e+02
5.178705609999999524e+02 6.352340220800000452e+02
5.179393280000000459e+02 6.287935908800001243e+02
5.180080940000000282e+02 6.300313465600000882e+02
5.180768610000000081e+02 6.254937236800000164e+02
5.181456269999999904e+02 6.279844323199998826e+02
5.182143939999999702e+02 6.240513350400000263e+02
5.182831609999999500e+02 6.121817150400000855e+02
5.183519270000000461e+02 6.123342612800000779e+02
5.184206940000000259e+02 6.165532934400000613e+02
5.184894600000000082e+02 6.068771654399999989e+02
5.185582269999999880e+02 6.046055747200000496e+02
5.186269939999999679e+02 6.077003150400001914e+02
5.186957599999999502e+02 6.085549209600001177e+02
5.187645270000000437e+02 6.163532020799998463e+02
5.188332930000000260e+02 6.138633625600002688e+02
5.189020600000000059e+02 6.179869886400000496e+02
5.189708269999999857e+02 6.170997593600001210e+02
5.190395929999999680e+02 6.240416246399998954e+02
5.191083599999999478e+02 6.188481756800000539e+02
5.191771260000000439e+02 6.166366035200001079e+02
5.192458930000000237e+02 6.156119928000000527e+02
5.193146600000000035e+02 6.091411804800000027e+02
5.193834259999999858e+02 6.147052419200000486e+02
5.194521929999999657e+02 6.083669636800002536e+02
5.195209589999999480e+02 6.051055427200000167e+02
5.195897260000000415e+02 6.134225070400000277e+02
5.196584930000000213e+02 6.190576156800000263e+02
5.197272590000000037e+02 6.209904299199999969e+02
5.197960259999999835e+02 6.281440916800000878e+02
5.198647919999999658e+02 6.282745492800000875e+02
5.199335589999999456e+02 6.242898625600001878e+02
5.200023260000000391e+02 6.223281265600001007e+02
5.200710920000000215e+02 6.240850582400000803e+02
5.201398590000000013e+02 6.305085875200001055e+02
5.202086249999999836e+02 6.268125393600000734e+02
5.202773919999999634e+02 6.238180950400001166e+02
5.203461589999999433e+02 6.188876131199998554e+02
5.204149250000000393e+02 6.162260630400000991e+02
5.204836920000000191e+02 6.123286164800000506e+02
5.205524580000000014e+02 6.188908969599999637e+02
5.206212249999999813e+02 6.204444624000001340e+02
5.206899919999999611e+02 6.362170561600001975e+02
5.207587579999999434e+02 6.398548396800000546e+02
5.208275250000000369e+02 6.396453011200001129e+02
5.208962910000000193e+02 6.387504099200000383e+02
5.209650579999999991e+02 6.365395321600001353e+02
5.210338249999999789e+02 6.313460507200001075e+02
5.211025909999999612e+02 6.304590846400000146e+02
5.211713580000000547e+02 6.242777038399999583e+02
5.212401240000000371e+02 6.114489203200000702e+02
5.213088910000000169e+02 6.134415369600000076e+02
5.213776579999999967e+02 6.117470262400000820e+02
5.214464239999999791e+02 6.108347470400000248e+02
5.215151909999999589e+02 6.158341224000000693e+02
5.215839570000000549e+02 6.153834444800000938e+02
5.216527240000000347e+02 6.206555252800000062e+02
5.217214910000000145e+02 6.237034753600000840e+02
5.217902569999999969e+02 6.261175793599999224e+02
5.218590239999999767e+02 6.208032185600001185e+02
5.219277899999999590e+02 6.209065262400001757e+02
5.219965570000000525e+02 6.210098339200001192e+02
5.220653240000000324e+02 6.211131404799999700e+02
5.221340900000000147e+02 6.212164481600001409e+02
5.222028569999999945e+02 6.213197558400000844e+02
5.222716229999999769e+02 6.275953544000000193e+02
5.223403899999999567e+02 6.194692806400000791e+02
5.224091570000000502e+02 6.231482364800000369e+02
5.224779230000000325e+02 6.334905416000000287e+02
5.225466900000000123e+02 6.282577694400000610e+02
5.226154559999999947e+02 6.281793660800000225e+02
5.226842229999999745e+02 6.254297280000000683e+02
5.227529899999999543e+02 6.190189196800000673e+02
5.228217560000000503e+02 6.216823088000001007e+02
5.228905230000000302e+02 6.266033838400001059e+02
5.229592890000000125e+02 6.200735038400000576e+02
5.230280559999999923e+02 6.166769716800000651e+02
5.230968229999999721e+02 6.143889651199998525e+02
5.231655889999999545e+02 6.139102782400001388e+02
5.232343560000000480e+02 6.147753964800000404e+02
5.233031220000000303e+02 6.123625704000000951e+02
5.233718890000000101e+02 6.143940431999999419e+02
5.234406559999999899e+02 6.121173934400000007e+02
5.235094219999999723e+02 6.200967897599998651e+02
5.235781889999999521e+02 6.245438796800001455e+02
5.236469550000000481e+02 6.249066846400000941e+02
5.237157220000000279e+02 6.189987092800000710e+02
5.237844890000000078e+02 6.216760143999999855e+02
5.238532549999999901e+02 6.169360668800002259e+02
5.239220219999999699e+02 6.219858657600000242e+02
5.239907879999999523e+02 6.190239764799999875e+02
5.240595550000000458e+02 6.218505865600001243e+02
5.241283220000000256e+02 6.202503473599999779e+02
5.241970880000000079e+02 6.232186508800001548e+02
5.242658549999999877e+02 6.288107638400000496e+02
5.243346209999999701e+02 6.279665280000000394e+02
5.244033879999999499e+02 6.341491206400000920e+02
5.244721550000000434e+02 6.379592497600002616e+02
5.245409210000000257e+02 6.409726198399998793e+02
5.246096880000000056e+02 6.355829748800000516e+02
5.246784539999999879e+02 6.376705888000001323e+02
5.247472209999999677e+02 6.272801382400000421e+02
5.248159879999999475e+02 6.331516094400000156e+02
5.248847540000000436e+02 6.337813742399999910e+02
5.249535210000000234e+02 6.041272025600001143e+02
5.250222870000000057e+02 5.877339944000000287e+02
5.250910539999999855e+02 5.819738175999999612e+02
5.251598209999999654e+02 5.844654972800002497e+02
5.252285869999999477e+02 5.701595491200001788e+02
5.252973540000000412e+02 5.555697604800000136e+02
5.253661200000000235e+02 5.871422648000001345e+02
5.254348870000000034e+02 6.206232457600001453e+02
5.255036539999999832e+02 6.286419227200000250e+02
5.255724199999999655e+02 6.298656246400000782e+02
5.256411869999999453e+02 6.412632811200001015e+02
5.257099530000000414e+02 6.408440371200000527e+02
5.257787200000000212e+02 6.261111136000000670e+02
5.258474870000000010e+02 6.298781720000000632e+02
5.259162529999999833e+02 6.340379640000001018e+02
5.259850199999999631e+02 6.517552048000001150e+02
5.260537859999999455e+02 6.381801350399999819e+02
5.261225530000000390e+02 6.431740000000000919e+02
5.261913200000000188e+02 6.315782065600001260e+02
5.262600860000000011e+02 6.407980958400000873e+02
5.263288529999999810e+02 6.405792467200000146e+02
5.263976189999999633e+02 6.524644145600000229e+02
5.264663860000000568e+02 6.734597956799999565e+02
5.265351530000000366e+02 6.694263632000000825e+02
5.266039190000000190e+02 6.689962921600000527e+02
5.266726859999999988e+02 6.716916304000000082e+02
5.267414519999999811e+02 6.787930945600000996e+02
5.268102189999999609e+02 6.850201299200001586e+02
5.268789860000000544e+02 6.620140721600000688e+02
5.269477520000000368e+02 6.807605649600000106e+02
5.270165190000000166e+02 6.891222251200000528e+02
5.270852849999999989e+02 6.772846808000001602e+02
5.271540519999999788e+02 6.767027556800001094e+02
5.272228189999999586e+02 6.770354774400001361e+02
5.272915850000000546e+02 6.780233723200001350e+02
5.273603520000000344e+02 6.696520051200001262e+02
5.274291180000000168e+02 6.930570595200000525e+02
5.274978849999999966e+02 6.907393494400000691e+02
5.275666519999999764e+02 6.876990355200000522e+02
5.276354179999999587e+02 6.792920265599999539e+02
5.277041850000000522e+02 6.728961444799999754e+02
5.277729510000000346e+02 6.680566939200000434e+02
5.278417180000000144e+02 6.838702864000000545e+02
5.279104849999999942e+02 6.755103398400000287e+02
5.279792509999999766e+02 6.787977112000000943e+02
5.280480179999999564e+02 6.957288945600000716e+02
5.281167840000000524e+02 6.999726585600001272e+02
5.281855510000000322e+02 6.959927867200001401e+02
5.282543180000000120e+02 6.910556195200000502e+02
5.283230839999999944e+02 6.863474665600000435e+02
5.283918509999999742e+02 6.757290747200001988e+02
5.284606169999999565e+02 6.553769633600001043e+02
5.285293840000000500e+02 6.614957428800000798e+02
5.285981510000000299e+02 6.538481544000001122e+02
5.286669170000000122e+02 6.559491780800000242e+02
5.287356839999999920e+02 6.559769731200000251e+02
5.288044499999999744e+02 6.595315238400000908e+02
5.288732169999999542e+02 6.678844636800000671e+02
5.289419840000000477e+02 6.636616761600000700e+02
5.290107500000000300e+02 6.673105286400000296e+02
5.290795170000000098e+02 6.770274268800001209e+02
5.291482829999999922e+02 6.747042243200000939e+02
5.292170499999999720e+02 6.817955759999999827e+02
5.292858169999999518e+02 6.613124515200000815e+02
5.293545830000000478e+02 6.592632524800000056e+02
5.294233500000000276e+02 6.666127339199999824e+02
5.294921160000000100e+02 6.828092308800000865e+02
5.295608829999999898e+02 6.867173062400000845e+02
5.296296499999999696e+02 6.782409592000000202e+02
5.296984159999999520e+02 6.817146851200000128e+02
5.297671830000000455e+02 6.847737422400000469e+02
5.298359490000000278e+02 6.849204544000000396e+02
5.299047160000000076e+02 6.870249780800000963e+02
5.299734829999999874e+02 6.890973532800002204e+02
5.300422489999999698e+02 6.905739971200000582e+02
5.301110159999999496e+02 6.955429980800000749e+02
5.301797820000000456e+02 6.919124766400000226e+02
5.302485490000000254e+02 6.878549417600000879e+02
5.303173160000000053e+02 6.771334662400000752e+02
5.303860819999999876e+02 6.826829587200002152e+02
5.304548489999999674e+02 6.835034953600001018e+02
5.305236149999999498e+02 6.837968816000000061e+02
5.305923820000000433e+02 6.833377454400000488e+02
5.306611490000000231e+02 6.970026806399998804e+02
5.307299150000000054e+02 6.834557105600000568e+02
5.307986819999999852e+02 6.899932569600002807e+02
5.308674479999999676e+02 6.943021624000000429e+02
5.309362149999999474e+02 6.913355276800001548e+02
5.310049820000000409e+02 7.036611265600000706e+02
5.310737480000000232e+02 6.970194952000000512e+02
5.311425150000000031e+02 6.838319129600000679e+02
5.312112809999999854e+02 6.929532063999999991e+02
5.312800479999999652e+02 6.987291360000002669e+02
5.313488149999999450e+02 6.875946963200002529e+02
5.314175810000000411e+02 6.770595193600000812e+02
5.314863480000000209e+02 6.795059958400001960e+02
5.315551140000000032e+02 6.841303067200001351e+02
5.316238809999999830e+02 6.821764768000000458e+02
5.316926479999999628e+02 6.669365740800000140e+02
5.317614139999999452e+02 6.865058603200000107e+02
5.318301810000000387e+02 7.015776521600000706e+02
5.318989470000000210e+02 6.955129070400000728e+02
5.319677140000000009e+02 7.003958942400000751e+02
5.320364809999999807e+02 7.112684420799999998e+02
5.321052469999999630e+02 7.061321052800001326e+02
5.321740140000000565e+02 7.003572934400001486e+02
5.322427800000000389e+02 7.111551070400000754e+02
5.323115470000000187e+02 6.981936057600000822e+02
5.323803139999999985e+02 6.988501150399999915e+02
5.324490799999999808e+02 7.015575302400001192e+02
5.325178469999999606e+02 6.954642867200000182e+02
5.325866130000000567e+02 7.033205065600001262e+02
5.326553800000000365e+02 6.994584441600002265e+02
5.327241470000000163e+02 6.945519705599998588e+02
5.327929129999999986e+02 6.960788251200001469e+02
5.328616799999999785e+02 7.037108948800000690e+02
5.329304459999999608e+02 7.017456163200000674e+02
5.329992130000000543e+02 6.913746224000000211e+02
5.330679800000000341e+02 6.873643974400000616e+02
5.331367460000000165e+02 6.856343614400000206e+02
5.332055129999999963e+02 6.863683153599999969e+02
5.332742789999999786e+02 6.772469300800000838e+02
5.333430459999999584e+02 6.816928596800000832e+02
5.334118130000000519e+02 6.683998585599999842e+02
5.334805790000000343e+02 6.740197553600000901e+02
5.335493460000000141e+02 6.831379486400001042e+02
5.336181119999999964e+02 6.766140393600001062e+02
5.336868789999999763e+02 6.829539763200001516e+02
5.337556459999999561e+02 6.908294601600000533e+02
5.338244120000000521e+02 6.882911929600001031e+02
5.338931790000000319e+02 6.822717563200000086e+02
5.339619450000000143e+02 6.820471896000000243e+02
5.340307119999999941e+02 6.955901702400000204e+02
5.340994789999999739e+02 6.961582241600001453e+02
5.341682449999999562e+02 6.967262780800000428e+02
5.342370120000000497e+02 6.972943320000000540e+02
5.343057780000000321e+02 7.079693924800001241e+02
5.343745450000000119e+02 7.022602552000000742e+02
5.344433119999999917e+02 6.899423596799999814e+02
5.345120779999999741e+02 6.932153703999998697e+02
5.345808449999999539e+02 6.743186206400000628e+02
5.346496110000000499e+02 6.529469441600000437e+02
5.347183780000000297e+02 6.383744763200000989e+02
5.347871450000000095e+02 6.671853395199999568e+02
5.348559109999999919e+02 6.720122248000000127e+02
5.349246779999999717e+02 6.991740313600000718e+02
5.349934439999999540e+02 6.983254667200000085e+02
5.350622110000000475e+02 7.255317059200000358e+02
5.351309780000000274e+02 7.424971971200001235e+02
5.351997440000000097e+02 7.682243710400000509e+02
5.352685109999999895e+02 7.415988798399999951e+02
5.353372769999999718e+02 7.024378267200000892e+02
5.354060439999999517e+02 6.650422755199999756e+02
5.354748110000000452e+02 5.896212582399999746e+02
5.355435770000000275e+02 5.357929550400001517e+02
5.356123440000000073e+02 4.914572174400000222e+02
5.356811099999999897e+02 4.882832024000000501e+02
5.357498769999999695e+02 4.933045006400000716e+02
5.358186439999999493e+02 4.954392083200000343e+02
5.358874100000000453e+02 4.875175883200000726e+02
5.359561770000000251e+02 4.820064379199999962e+02
5.360249430000000075e+02 4.918917729600000257e+02
5.360937099999999873e+02 4.849149255999999468e+02
5.361624769999999671e+02 4.778678004800000849e+02
5.362312429999999495e+02 4.793775492800000393e+02
5.363000100000000430e+02 4.825665745600000491e+02
5.363687760000000253e+02 4.717544820800000593e+02
5.364375430000000051e+02 4.794855811200000062e+02
5.365063099999999849e+02 4.828814379199999962e+02
5.365750759999999673e+02 4.973213952000001541e+02
5.366438429999999471e+02 4.794009259200000201e+02
5.367126090000000431e+02 4.639619969600000218e+02
5.367813760000000229e+02 4.709465028800000823e+02
5.368501430000000028e+02 4.880254500800000415e+02
5.369189089999999851e+02 4.742507336000000464e+02
5.369876759999999649e+02 4.688890830400000027e+02
5.370564419999999473e+02 4.747706756800000676e+02
5.371252090000000408e+02 4.735151064000000360e+02
5.371939760000000206e+02 4.668148665600000413e+02
5.372627420000000029e+02 4.643248008000000482e+02
5.373315089999999827e+02 4.625660536000000320e+02
5.374002749999999651e+02 4.633444356800000037e+02
5.374690419999999449e+02 4.617883939200000327e+02
5.375378090000000384e+02 4.787201406400000678e+02
5.376065750000000207e+02 4.797947604800000363e+02
5.376753420000000006e+02 4.689993112000000792e+02
5.377441079999999829e+02 4.713120675200000278e+02
5.378128749999999627e+02 4.629267955200000415e+02
5.378816420000000562e+02 4.632556353600000421e+02
5.379504080000000386e+02 4.585780169600000704e+02
5.380191750000000184e+02 4.659521440000000894e+02
5.380879410000000007e+02 4.647957193600000778e+02
5.381567079999999805e+02 4.942033555200000592e+02
5.382254749999999603e+02 5.098522665600000892e+02
5.382942410000000564e+02 5.823700209600001472e+02
5.383630080000000362e+02 6.153894902399999864e+02
5.384317740000000185e+02 6.622916910400000461e+02
5.385005409999999983e+02 6.664029120000001285e+02
5.385693079999999782e+02 6.466176550400000451e+02
5.386380739999999605e+02 6.325999948800000539e+02
5.387068410000000540e+02 6.127911932800000159e+02
5.387756070000000364e+02 5.999759281600000804e+02
5.388443740000000162e+02 6.093050118400000201e+02
5.389131409999999960e+02 6.377795020800000430e+02
5.389819069999999783e+02 6.612402171200001249e+02
5.390506739999999581e+02 6.553860521600000766e+02
5.391194400000000542e+02 7.201228227200002721e+02
5.391882070000000340e+02 6.740538996800000859e+02
5.392569740000000138e+02 6.713129494400001249e+02
5.393257399999999961e+02 6.624275526400000444e+02
5.393945069999999760e+02 6.760495996800001421e+02
5.394632729999999583e+02 6.400261862400000155e+02
5.395320400000000518e+02 6.178017529600000444e+02
5.396008070000000316e+02 6.515718697599999132e+02
5.396695730000000140e+02 6.473438944000000674e+02
5.397383399999999938e+02 6.588620438400000694e+02
5.398071059999999761e+02 6.694628371200001311e+02
5.398758729999999559e+02 6.492993449599999849e+02
5.399446400000000494e+02 6.446394662400000470e+02
5.400134060000000318e+02 6.533797793600001569e+02
5.400821730000000116e+02 6.343040984000000435e+02
5.401509389999999939e+02 6.152284185600001365e+02
5.402197059999999738e+02 5.824040062399999442e+02
5.402884729999999536e+02 5.707662867200001529e+02
5.403572390000000496e+02 6.086464260800001966e+02
5.404260060000000294e+02 6.512478145600000516e+02
5.404947720000000118e+02 6.272868145600000389e+02
5.405635389999999916e+02 6.317898552000000336e+02
5.406323059999999714e+02 6.119304553600001100e+02
5.407010719999999537e+02 6.186978347200000599e+02
5.407698390000000472e+02 6.078408627200002456e+02
5.408386050000000296e+02 6.122196012800000062e+02
5.409073720000000094e+02 6.272162915200000270e+02
5.409761389999999892e+02 6.138773076800000581e+02
5.410449049999999716e+02 6.105253056000001379e+02
5.411136719999999514e+02 5.959911238400001139e+02
5.411824380000000474e+02 5.726990505600000461e+02
5.412512050000000272e+02 5.018009080000000495e+02
5.413199720000000070e+02 4.817823449600000458e+02
5.413887379999999894e+02 4.798129616000000510e+02
5.414575049999999692e+02 4.809720294400000284e+02
5.415262709999999515e+02 4.786315385600000241e+02
5.415950380000000450e+02 4.763048550400000636e+02
5.416638050000000248e+02 4.718885236800000484e+02
5.417325710000000072e+02 4.838552880000000300e+02
5.418013379999999870e+02 4.651516856000000644e+02
5.418701039999999693e+02 4.581082912000000533e+02
5.419388709999999492e+02 4.609370572800000332e+02
5.420076380000000427e+02 4.716069780800000331e+02
5.420764040000000250e+02 4.664380537600000594e+02
5.421451710000000048e+02 4.693589286400000447e+02
5.422139369999999872e+02 4.655653161599999521e+02
5.422827039999999670e+02 4.545783121600000527e+02
5.423514709999999468e+02 4.456331499199999939e+02
5.424202370000000428e+02 4.512632465600000273e+02
5.424890040000000226e+02 4.512431694400000310e+02
5.425577700000000050e+02 4.449151246400000446e+02
5.426265369999999848e+02 4.500331953600000361e+02
5.426953039999999646e+02 4.588067422400000623e+02
5.427640699999999470e+02 4.695544672000000901e+02
5.428328370000000405e+02 4.652892719999999827e+02
5.429016030000000228e+02 4.357590003200000410e+02
5.429703700000000026e+02 4.431914345600000615e+02
5.430391369999999824e+02 4.409026798400000757e+02
5.431079029999999648e+02 4.344563641600000210e+02
5.431766699999999446e+02 4.321885355200000163e+02
5.432454360000000406e+02 4.332803003200000376e+02
5.433142030000000204e+02 4.347298883200000432e+02
5.433829700000000003e+02 4.196142809600000305e+02
5.434517359999999826e+02 4.203286046400000942e+02
5.435205029999999624e+02 4.209510412800000836e+02
5.435892689999999448e+02 4.210414880000000153e+02
5.436580360000000383e+02 4.039836460800000282e+02
5.437268030000000181e+02 4.039060368000000381e+02
5.437955690000000004e+02 4.118183608000000504e+02
5.438643359999999802e+02 4.041814022400000681e+02
5.439331019999999626e+02 3.971379708800000117e+02
5.440018690000000561e+02 3.964804625600000350e+02
5.440706360000000359e+02 3.911667491200000768e+02
5.441394020000000182e+02 3.801906192000000715e+02
5.442081689999999981e+02 3.831610249600000770e+02
5.442769349999999804e+02 3.825445758400000500e+02
5.443457019999999602e+02 3.842561688000000686e+02
5.444144690000000537e+02 3.814449878400000102e+02
5.444832350000000361e+02 3.769478630400000156e+02
5.445520020000000159e+02 3.749654843200000300e+02
5.446207679999999982e+02 3.827484483200000227e+02
5.446895349999999780e+02 3.766697088000000235e+02
5.447583019999999578e+02 3.764642280000000483e+02
5.448270680000000539e+02 3.762974801600000205e+02
5.448958350000000337e+02 3.754641900800000371e+02
5.449646010000000160e+02 3.768809900800000037e+02
5.450333679999999958e+02 3.767877243200000521e+02
5.451021349999999757e+02 3.737532668800000692e+02
5.451709009999999580e+02 3.786452577600000495e+02
5.452396680000000515e+02 3.769068867200000454e+02
5.453084340000000338e+02 3.831984408000000144e+02
5.453772010000000137e+02 3.803482468800000333e+02
5.454459679999999935e+02 3.763457913600000211e+02
5.455147339999999758e+02 3.701338244800000439e+02
5.455835009999999556e+02 3.721651270400000726e+02
5.456522670000000517e+02 3.729030054400000722e+02
5.457210340000000315e+02 3.706846348800000897e+02
5.457898010000000113e+02 3.684324627200000464e+02
5.458585669999999936e+02 3.724982598400000597e+02
5.459273339999999735e+02 3.733368228800000566e+02
5.459960999999999558e+02 3.642301196800000298e+02
5.460648670000000493e+02 3.663984150400000317e+02
5.461336340000000291e+02 3.700388955200000396e+02
5.462024000000000115e+02 3.717403928000000519e+02
5.462711669999999913e+02 3.701390268800000172e+02
5.463399329999999736e+02 3.771381264000000897e+02
5.464086999999999534e+02 3.747561932800000477e+02
5.464774670000000469e+02 3.723742612800000416e+02
5.465462330000000293e+02 3.660095163200000457e+02
5.466150000000000091e+02 3.665849544000000151e+02
5.466837659999999914e+02 3.631606843200000867e+02
5.467525329999999713e+02 3.642663281600000573e+02
5.468212999999999511e+02 3.637833841600000824e+02
5.468900660000000471e+02 3.649148899200001210e+02
5.469588330000000269e+02 3.587982731200000330e+02
5.470275990000000093e+02 3.637369803199999865e+02
5.470963659999999891e+02 3.650770088000001010e+02
5.471651329999999689e+02 3.620949763200000007e+02
5.472338989999999512e+02 3.625397372799999971e+02
5.473026660000000447e+02 3.629844993600000294e+02
5.473714320000000271e+02 3.637955831999999532e+02
5.474401990000000069e+02 3.677793190400000185e+02
5.475089659999999867e+02 3.676535632000000646e+02
5.475777319999999690e+02 3.705708641600000419e+02
5.476464989999999489e+02 3.747628729600000383e+02
5.477152650000000449e+02 3.753803345600000512e+02
5.477840320000000247e+02 3.728627828800000543e+02
5.478527990000000045e+02 3.897137059200000522e+02
5.479215649999999869e+02 3.848671500800000445e+02
5.479903319999999667e+02 3.864816928000000757e+02
5.480590979999999490e+02 3.880962355200000502e+02
5.481278650000000425e+02 4.027154398400000446e+02
5.481966320000000223e+02 4.022962395200000287e+02
5.482653980000000047e+02 3.911950425600000472e+02
5.483341649999999845e+02 3.922239551999999208e+02
5.484029309999999668e+02 3.882190569600000458e+02
5.484716979999999467e+02 3.991774192000000312e+02
5.485404650000000402e+02 3.935714361600000757e+02
5.486092310000000225e+02 4.002846153600000321e+02
5.486779980000000023e+02 3.953101376000000755e+02
5.487467639999999847e+02 3.930171907200000305e+02
5.488155309999999645e+02 3.930131116800000086e+02
5.488842979999999443e+02 3.759850337600000216e+02
5.489530640000000403e+02 3.642202491200000622e+02
5.490218310000000201e+02 3.588968521600000372e+02
5.490905970000000025e+02 3.612828508800000691e+02
5.491593639999999823e+02 3.646994052800000077e+02
5.492281309999999621e+02 3.689986977600000273e+02
5.492968969999999445e+02 3.762498062399999981e+02
5.493656640000000380e+02 3.714958710400000541e+02
5.494344300000000203e+02 3.696072542400000316e+02
5.495031970000000001e+02 3.724990830400000164e+02
5.495719639999999799e+02 3.780609739200000377e+02
5.496407299999999623e+02 3.858573611200000073e+02
5.497094970000000558e+02 3.795244409600000495e+02
5.497782630000000381e+02 3.717738292800000295e+02
5.498470300000000179e+02 3.639540497600000322e+02
5.499157969999999978e+02 3.758943764799999485e+02
5.499845629999999801e+02 3.713974521600000571e+02
5.500533299999999599e+02 3.692133804800000689e+02
5.501220960000000559e+02 3.753142377600000259e+02
5.501908630000000358e+02 3.607353344000000561e+02
5.502596300000000156e+02 3.664691430400000058e+02
5.503283959999999979e+02 3.585375550400000293e+02
5.503971629999999777e+02 3.646298835200000212e+02
5.504659289999999601e+02 3.644224147200000630e+02
5.505346960000000536e+02 3.647983595200000195e+02
5.506034630000000334e+02 3.644538934400000016e+02
5.506722290000000157e+02 3.707240353600000162e+02
5.507409959999999955e+02 3.691343857600000433e+02
5.508097619999999779e+02 3.646678873600000657e+02
5.508785289999999577e+02 3.635571497600000725e+02
5.509472960000000512e+02 3.677230681600000253e+02
5.510160620000000335e+02 3.740485694400000511e+02
5.510848290000000134e+02 3.820404324800000495e+02
5.511535949999999957e+02 3.744535211200000617e+02
5.512223619999999755e+02 3.815904355200000282e+02
5.512911289999999553e+02 3.834774462400001198e+02
5.513598950000000514e+02 3.857783070400000156e+02
5.514286620000000312e+02 3.905235241600000222e+02
5.514974280000000135e+02 3.824169742400000587e+02
5.515661949999999933e+02 3.815678025600000183e+02
5.516349619999999732e+02 3.876154945600000588e+02
5.517037279999999555e+02 4.039874988800000324e+02
5.517724950000000490e+02 4.297009707200000435e+02
5.518412610000000313e+02 4.559683374400000275e+02
5.519100280000000112e+02 4.532789016000000402e+02
5.519787949999999910e+02 4.097173225600000137e+02
5.520475609999999733e+02 3.862206454399999984e+02
5.521163279999999531e+02 3.775552569600000652e+02
5.521850940000000492e+02 3.729685444800000482e+02
5.522538610000000290e+02 3.709171793600000910e+02
5.523226280000000088e+02 3.737120161600000756e+02
5.523913939999999911e+02 3.806756385600000385e+02
5.524601609999999710e+02 3.866389800000000037e+02
5.525289269999999533e+02 3.907215424000000326e+02
5.525976940000000468e+02 3.983818316800000048e+02
5.526664610000000266e+02 3.963850262400000588e+02
5.527352270000000090e+02 4.037999996800000417e+02
5.528039939999999888e+02 4.258459352000000422e+02
5.528727599999999711e+02 4.518060971200000608e+02
5.529415269999999509e+02 4.688235384000000181e+02
5.530102940000000444e+02 4.842540102400000137e+02
5.530790600000000268e+02 4.838079119999999875e+02
5.531478270000000066e+02 4.136237571200000502e+02
5.532165929999999889e+02 3.958888751999999727e+02
5.532853599999999687e+02 3.985760688000000300e+02
5.533541269999999486e+02 3.927117241600000170e+02
5.534228930000000446e+02 3.865365291200000684e+02
5.534916600000000244e+02 3.903402283200000511e+02
5.535604260000000068e+02 3.840572691200000577e+02
5.536291929999999866e+02 3.874049065600000290e+02
5.536979599999999664e+02 3.904872473600000831e+02
5.537667259999999487e+02 3.897243929600000456e+02
5.538354930000000422e+02 3.974469329600000265e+02
5.539042590000000246e+02 4.008551500800000440e+02
5.539730260000000044e+02 3.964448107200000209e+02
5.540417929999999842e+02 3.955057310400000006e+02
5.541105589999999665e+02 3.941730430400000387e+02
5.541793259999999464e+02 3.964949945600000660e+02
5.542480920000000424e+02 3.915208920000000603e+02
5.543168590000000222e+02 4.014155387200000291e+02
5.543856260000000020e+02 4.036153452799999855e+02
5.544543919999999844e+02 3.926832291200000213e+02
5.545231589999999642e+02 3.847282835200000477e+02
5.545919249999999465e+02 3.976174753600001281e+02
5.546606920000000400e+02 4.022690929600000231e+02
5.547294590000000198e+02 4.194847238400000720e+02
5.547982250000000022e+02 4.232856812800000625e+02
5.548669919999999820e+02 3.958667820800000072e+02
5.549357579999999643e+02 3.979939320000000293e+02
5.550045249999999442e+02 3.906628599999999665e+02
5.550732920000000377e+02 3.929261560000000486e+02
5.551420580000000200e+02 3.960181489600000759e+02
5.552108249999999998e+02 3.959157204800000045e+02
5.552795909999999822e+02 3.897014004800000180e+02
5.553483579999999620e+02 4.020417934400000490e+02
5.554171250000000555e+02 4.077390766400000643e+02
5.554858910000000378e+02 4.128690944000000513e+02
5.555546580000000176e+02 4.177292727999999897e+02
5.556234240000000000e+02 3.980070942400000149e+02
5.556921909999999798e+02 4.072435785600000031e+02
5.557609579999999596e+02 4.047628569600000219e+02
5.558297240000000556e+02 4.088785444800000732e+02
5.558984910000000355e+02 4.221296352000000525e+02
5.559672570000000178e+02 4.172479225600000063e+02
5.560360239999999976e+02 4.238645297599999822e+02
5.561047909999999774e+02 4.410057153600000674e+02
5.561735569999999598e+02 4.597102664000000800e+02
5.562423240000000533e+02 4.725401329600000508e+02
5.563110900000000356e+02 4.919398086399999670e+02
5.563798570000000154e+02 5.016888620800000353e+02
5.564486239999999952e+02 5.013048409600000923e+02
5.565173899999999776e+02 5.032834016000000474e+02
5.565861569999999574e+02 5.017130003200000488e+02
5.566549230000000534e+02 4.470186649600000237e+02
5.567236900000000333e+02 4.141726366400000074e+02
5.567924570000000131e+02 3.981064304000000789e+02
5.568612229999999954e+02 3.944013225600000396e+02
5.569299899999999752e+02 4.053038248000001431e+02
5.569987559999999576e+02 4.049353851199999212e+02
5.570675230000000511e+02 4.049343603200000530e+02
5.571362900000000309e+02 4.109011457600000199e+02
5.572050560000000132e+02 4.108859507200000394e+02
5.572738229999999930e+02 4.142862102400000026e+02
5.573425889999999754e+02 4.187838121600000250e+02
5.574113559999999552e+02 4.227770982400000435e+02
5.574801230000000487e+02 4.245320844800000941e+02
5.575488890000000310e+02 4.307601491200000510e+02
5.576176560000000109e+02 4.549506673600000681e+02
5.576864219999999932e+02 4.740858203200000958e+02
5.577551889999999730e+02 4.976710872000000450e+02
5.578239559999999528e+02 4.902538726400000542e+02
5.578927220000000489e+02 5.092880116800000110e+02
5.579614890000000287e+02 4.885408740800000373e+02
5.580302550000000110e+02 4.183190110400000776e+02
5.580990219999999908e+02 4.221819604800000434e+02
5.581677889999999707e+02 4.220256443200000263e+02
5.582365549999999530e+02 4.220065830400000095e+02
5.583053220000000465e+02 4.217229878400000302e+02
5.583740880000000288e+02 4.234317886400000361e+02
5.584428550000000087e+02 4.238676646400000436e+02
5.585116219999999885e+02 4.355515326400000049e+02
5.585803879999999708e+02 4.505336819200000491e+02
5.586491549999999506e+02 4.528916660800001637e+02
5.587179210000000467e+02 4.467896484800000394e+02
5.587866880000000265e+02 4.710701419200000259e+02
5.588554550000000063e+02 5.143863894400001300e+02
5.589242209999999886e+02 5.274305388800000856e+02
5.589929879999999685e+02 5.290909635200000594e+02
5.590617539999999508e+02 5.323409425600000304e+02
5.591305210000000443e+02 5.392744033599999511e+02
5.591992880000000241e+02 5.428267308800000137e+02
5.592680540000000065e+02 5.447635670399999981e+02
5.593368209999999863e+02 5.273959443200000123e+02
5.594055869999999686e+02 5.530149878400001171e+02
5.594743539999999484e+02 5.617678695999999263e+02
5.595431210000000419e+02 5.211337935999999900e+02
5.596118870000000243e+02 4.441097404800000277e+02
5.596806540000000041e+02 4.248611662400001023e+02
5.597494199999999864e+02 4.226119654399999490e+02
5.598181869999999662e+02 4.211272609600000578e+02
5.598869539999999461e+02 4.311616288000000168e+02
5.599557200000000421e+02 4.333105649600000220e+02
5.600244870000000219e+02 4.363562212800000566e+02
5.600932530000000042e+02 4.337177387199999998e+02
5.601620199999999841e+02 4.223216961600000445e+02
5.602307869999999639e+02 4.347059472000000255e+02
5.602995529999999462e+02 4.250245675200000619e+02
5.603683200000000397e+02 4.293807212800000457e+02
5.604370860000000221e+02 4.276365385600000195e+02
5.605058530000000019e+02 4.331285918400000128e+02
5.605746199999999817e+02 4.420988947199999757e+02
5.606433859999999640e+02 4.462166363200000774e+02
5.607121529999999439e+02 4.441786921600001392e+02
5.607809190000000399e+02 4.650498406400000704e+02
5.608496860000000197e+02 4.721701129600000968e+02
5.609184529999999995e+02 5.158212897600000133e+02
5.609872189999999819e+02 5.210750966400000834e+02
5.610559859999999617e+02 5.111331198400000630e+02
5.611247519999999440e+02 4.924196905600001060e+02
5.611935190000000375e+02 5.172735400000000254e+02
5.612622860000000173e+02 5.343828638400000273e+02
5.613310519999999997e+02 5.686800436800000398e+02
5.613998189999999795e+02 5.756645630399999618e+02
5.614685849999999618e+02 5.629040681600000653e+02
5.615373520000000553e+02 5.605717163200000641e+02
5.616061190000000352e+02 5.620461952000001702e+02
5.616748850000000175e+02 5.442182748800000809e+02
5.617436519999999973e+02 5.571793158400000721e+02
5.618124179999999797e+02 5.602217084800000748e+02
5.618811849999999595e+02 5.637633377599998994e+02
5.619499520000000530e+02 5.525984284799999386e+02
5.620187180000000353e+02 5.545003072000001794e+02
5.620874850000000151e+02 5.545281940800000484e+02
5.621562509999999975e+02 5.797799907200001144e+02
5.622250179999999773e+02 5.715187251199999992e+02
5.622937849999999571e+02 5.323526387200000727e+02
5.623625510000000531e+02 4.491811318400000346e+02
5.624313180000000330e+02 4.442740254400000026e+02
5.625000840000000153e+02 4.386909027200000537e+02
5.625688509999999951e+02 4.350037652800000387e+02
5.626376179999999749e+02 4.317787801600000535e+02
5.627063839999999573e+02 4.455933036800000195e+02
5.627751510000000508e+02 4.394365304000000378e+02
5.628439170000000331e+02 4.378065216000000532e+02
5.629126840000000129e+02 4.376380097600000454e+02
5.629814509999999927e+02 4.404905265600000348e+02
5.630502169999999751e+02 4.327990184000000795e+02
5.631189839999999549e+02 4.442956616000000736e+02
5.631877500000000509e+02 4.444604382400000304e+02
5.632565170000000307e+02 4.382227976000000353e+02
5.633252840000000106e+02 4.369378910399999540e+02
5.633940499999999929e+02 4.389290998400000490e+02
5.634628169999999727e+02 4.330120760000000359e+02
5.635315829999999551e+02 4.409689916800000447e+02
5.636003500000000486e+02 4.316370800000000258e+02
5.636691170000000284e+02 4.527938766400000077e+02
5.637378830000000107e+02 4.536594417599999360e+02
5.638066499999999905e+02 4.110274996799999485e+02
5.638754159999999729e+02 4.151137087999999835e+02
5.639441829999999527e+02 4.078224561600000015e+02
5.640129500000000462e+02 4.122132067199999597e+02
5.640817160000000285e+02 4.137568265600000927e+02
5.641504830000000084e+02 4.077283772800000747e+02
5.642192489999999907e+02 4.122098859199999765e+02
5.642880159999999705e+02 4.147841084800000431e+02
5.643567829999999503e+02 4.148854584000000614e+02
5.644255490000000464e+02 4.189511424000000375e+02
5.644943160000000262e+02 4.676033219200000417e+02
5.645630820000000085e+02 4.814331390400000714e+02
5.646318489999999883e+02 4.438214099200000646e+02
5.647006159999999682e+02 4.194642569600000570e+02
5.647693819999999505e+02 4.151168448000000240e+02
5.648381490000000440e+02 4.144602033600000937e+02
5.649069150000000263e+02 4.065556958399999985e+02
5.649756820000000062e+02 4.051892364800000337e+02
5.650444489999999860e+02 4.059370705599999951e+02
5.651132149999999683e+02 4.223661299200000485e+02
5.651819819999999481e+02 4.158122091200000341e+02
5.652507480000000442e+02 4.192374838400000385e+02
5.653195150000000240e+02 4.194999356800000214e+02
5.653882820000000038e+02 4.243856444799999963e+02
5.654570479999999861e+02 4.266492193600000178e+02
5.655258149999999659e+02 4.345287945599999944e+02
5.655945809999999483e+02 4.379188038400001233e+02
5.656633480000000418e+02 4.452282307200000560e+02
5.657321150000000216e+02 4.488514307199999394e+02
5.658008810000000040e+02 4.789286174400000959e+02
5.658696479999999838e+02 4.866674512000000732e+02
5.659384139999999661e+02 4.861834364800000685e+02
5.660071809999999459e+02 4.580045321600000534e+02
5.660759480000000394e+02 4.722604835200000366e+02
5.661447140000000218e+02 4.857721120000000496e+02
5.662134810000000016e+02 4.765655216000000678e+02
5.662822469999999839e+02 4.882027998400000115e+02
5.663510139999999637e+02 4.966584772799999996e+02
5.664197809999999436e+02 4.790135078400000452e+02
5.664885470000000396e+02 4.271014025599999968e+02
5.665573140000000194e+02 4.088090731200000505e+02
5.666260800000000017e+02 4.036269462399999952e+02
5.666948469999999816e+02 4.055428070400000138e+02
5.667636139999999614e+02 4.061518103999999880e+02
5.668323799999999437e+02 4.111184212800000637e+02
5.669011470000000372e+02 4.095849363199999971e+02
5.669699130000000196e+02 4.073612088000000426e+02
5.670386799999999994e+02 4.051780768000000421e+02
5.671074469999999792e+02 4.144882156799999962e+02
5.671762129999999615e+02 4.118176339199999916e+02
5.672449800000000550e+02 4.168201206400000274e+02
5.673137460000000374e+02 4.129326420800000506e+02
5.673825130000000172e+02 4.097755715200000282e+02
5.674512799999999970e+02 4.029907671999999934e+02
5.675200459999999794e+02 4.185638822400000549e+02
5.675888129999999592e+02 4.239022267200000442e+02
5.676575790000000552e+02 4.283439832000000820e+02
5.677263460000000350e+02 4.406835372800000528e+02
5.677951130000000148e+02 4.442269932799999310e+02
5.678638789999999972e+02 4.556475963200000479e+02
5.679326459999999770e+02 4.571093844800000170e+02
5.680014119999999593e+02 4.498867184000000634e+02
5.680701790000000528e+02 4.619807494400000678e+02
5.681389460000000327e+02 4.650588062400001377e+02
5.682077120000000150e+02 4.715460243200000150e+02
5.682764789999999948e+02 4.807048400000001038e+02
5.683452449999999772e+02 4.715962641599999756e+02
5.684140119999999570e+02 5.003683025600000178e+02
5.684827790000000505e+02 5.061781032000000664e+02
5.685515450000000328e+02 4.937374332800000616e+02
5.686203120000000126e+02 4.910184686400000942e+02
5.686890779999999950e+02 4.871212113600000180e+02
5.687578449999999748e+02 4.813996577600000251e+02
5.688266119999999546e+02 4.892453417600000307e+02
5.688953780000000506e+02 4.864215148800000748e+02
5.689641450000000304e+02 4.910741203200000768e+02
5.690329110000000128e+02 4.939005545600000460e+02
5.691016779999999926e+02 5.018985440000000153e+02
5.691704449999999724e+02 5.089664641600000436e+02
5.692392109999999548e+02 4.862140819200000124e+02
5.693079780000000483e+02 4.269344576000000302e+02
5.693767440000000306e+02 4.196737339200000179e+02
5.694455110000000104e+02 4.184461758400000804e+02
5.695142779999999902e+02 4.162898420800001418e+02
5.695830439999999726e+02 4.092172761600000399e+02
5.696518109999999524e+02 4.110202252799999769e+02
5.697205770000000484e+02 4.103019704000000729e+02
5.697893440000000282e+02 4.139076894400000128e+02
5.698581110000000081e+02 4.223885568000000035e+02
5.699268769999999904e+02 4.124111062400000378e+02
5.699956439999999702e+02 4.144958910400000605e+02
5.700644099999999526e+02 4.191570432000000324e+02
5.701331770000000461e+02 4.064609841600000095e+02
5.702019440000000259e+02 4.209672992000000136e+02
5.702707100000000082e+02 4.165593880000000127e+02
5.703394769999999880e+02 4.161660473599999932e+02
5.704082429999999704e+02 4.218265038400000435e+02
5.704770099999999502e+02 4.230697273600000585e+02
5.705457770000000437e+02 4.234482336000000373e+02
5.706145430000000260e+02 4.167949027200000387e+02
5.706833100000000059e+02 4.131767595200000756e+02
5.707520759999999882e+02 4.214584595200000194e+02
5.708208429999999680e+02 4.194677636800000187e+02
5.708896099999999478e+02 4.282284294400000135e+02
5.709583760000000439e+02 4.388957843200000752e+02
5.710271430000000237e+02 4.664527470399999629e+02
5.710959090000000060e+02 4.764789523200001327e+02
5.711646759999999858e+02 4.865574571200000946e+02
5.712334429999999657e+02 4.749862600000000725e+02
5.713022089999999480e+02 4.537223700800000756e+02
5.713709760000000415e+02 4.365665292800000543e+02
5.714397420000000238e+02 4.500638654400000291e+02
5.715085090000000037e+02 4.666185596800000326e+02
5.715772759999999835e+02 4.593166636800000333e+02
5.716460419999999658e+02 4.654055056000000832e+02
5.717148089999999456e+02 4.696366158400000472e+02
5.717835750000000417e+02 4.686548316800000862e+02
5.718523420000000215e+02 4.529283292800000140e+02
5.719211090000000013e+02 4.848060985600000095e+02
5.719898749999999836e+02 4.750264769600000818e+02
5.720586419999999634e+02 4.662081166400000711e+02
5.721274079999999458e+02 4.718236622400000329e+02
5.721961750000000393e+02 4.681709446400000161e+02
5.722649420000000191e+02 4.877205625600000189e+02
5.723337080000000014e+02 4.733272622400000387e+02
5.724024749999999813e+02 4.811269601600000669e+02
5.724712409999999636e+02 4.717032062400000427e+02
5.725400079999999434e+02 4.854515254400000117e+02
5.726087750000000369e+02 4.941262614400000643e+02
5.726775410000000193e+02 5.047234875199999351e+02
5.727463079999999991e+02 5.015470409600001176e+02
5.728150739999999814e+02 4.861124844800000346e+02
5.728838409999999612e+02 4.868214176000000748e+02
5.729526080000000547e+02 4.947515047999999638e+02
5.730213740000000371e+02 5.114907156799998802e+02
5.730901410000000169e+02 5.119115848000001279e+02
5.731589069999999992e+02 5.105620587200001523e+02
5.732276739999999791e+02 5.094759073600000647e+02
5.732964409999999589e+02 5.099588670400000865e+02
5.733652070000000549e+02 5.088323307199999590e+02
5.734339740000000347e+02 5.045381835200000182e+02
5.735027400000000171e+02 5.124053020799999558e+02
5.735715069999999969e+02 5.183460374400000319e+02
5.736402739999999767e+02 5.072861169599999585e+02
5.737090399999999590e+02 5.050816063999999415e+02
5.737778070000000525e+02 5.197796788800000058e+02
5.738465730000000349e+02 5.108373905600001308e+02
5.739153400000000147e+02 5.028527392000001441e+02
5.739841069999999945e+02 5.136623979199999894e+02
5.740528729999999769e+02 5.183718971200000851e+02
5.741216399999999567e+02 5.071357603200000312e+02
5.741904060000000527e+02 5.136266016000000718e+02
5.742591730000000325e+02 5.228000769600000694e+02
5.743279400000000123e+02 5.222620211200000995e+02
5.743967059999999947e+02 5.185591712000001507e+02
5.744654729999999745e+02 5.348499374399999624e+02
5.745342389999999568e+02 5.410388043200000538e+02
5.746030060000000503e+02 5.246224480000000767e+02
5.746717730000000302e+02 4.589782500800000662e+02
5.747405390000000125e+02 4.509236793600000510e+02
5.748093059999999923e+02 4.448380630400000655e+02
5.748780719999999747e+02 4.476864380800000163e+02
5.749468389999999545e+02 4.464466664000000264e+02
5.750156060000000480e+02 4.510380145600000219e+02
5.750843720000000303e+02 4.536937249600000541e+02
5.751531390000000101e+02 4.551498089600000299e+02
5.752219049999999925e+02 4.540747377600000050e+02
5.752906719999999723e+02 4.537519952000000671e+02
5.753594389999999521e+02 4.534292526400000725e+02
5.754282050000000481e+02 4.487747084800000721e+02
5.754969720000000279e+02 4.508367942400000175e+02
5.755657380000000103e+02 4.545344160000000215e+02
5.756345049999999901e+02 4.495906721600000537e+02
5.757032719999999699e+02 4.459926564799999369e+02
5.757720379999999523e+02 4.456953278400000045e+02
5.758408050000000458e+02 4.422986825600000316e+02
5.759095710000000281e+02 4.527118243200000052e+02
5.759783380000000079e+02 4.487028168000000505e+02
5.760471049999999877e+02 4.515674755200000732e+02
5.761158709999999701e+02 4.482671894400000383e+02
5.761846379999999499e+02 4.543139708799999994e+02
5.762534040000000459e+02 4.493372150400000464e+02
5.763221710000000257e+02 4.472485897600000158e+02
5.763909380000000056e+02 4.555104948800000670e+02
5.764597039999999879e+02 4.486357668800000624e+02
5.765284709999999677e+02 4.642474524800000495e+02
5.765972369999999501e+02 4.634959728000000609e+02
5.766660040000000436e+02 4.566207318400000759e+02
5.767347710000000234e+02 4.315147132800000804e+02
5.768035370000000057e+02 4.307831539200000179e+02
5.768723039999999855e+02 4.130309937600000580e+02
5.769410699999999679e+02 4.126392782400000669e+02
5.770098369999999477e+02 4.143733193600000391e+02
5.770786040000000412e+02 4.129507054400000357e+02
5.771473700000000235e+02 4.249691700800000262e+02
5.772161370000000034e+02 4.391968806400000176e+02
5.772849029999999857e+02 4.392259065600000554e+02
5.773536699999999655e+02 4.391480800000000499e+02
5.774224369999999453e+02 4.418800131200000578e+02
5.774912030000000414e+02 4.454538513600001011e+02
5.775599700000000212e+02 4.673272318400000813e+02
5.776287360000000035e+02 4.842210508800000071e+02
5.776975029999999833e+02 4.572433264000000008e+02
5.777662699999999631e+02 4.540912644800000066e+02
5.778350359999999455e+02 4.583731644800000140e+02
5.779038030000000390e+02 4.724875523200000202e+02
5.779725690000000213e+02 4.875791289600000482e+02
5.780413360000000011e+02 4.774186760000000049e+02
5.781101029999999810e+02 4.427820465600000261e+02
5.781788689999999633e+02 4.348570128000000636e+02
5.782476360000000568e+02 4.384484529600000542e+02
5.783164020000000392e+02 4.363196499200000744e+02
5.783851690000000190e+02 4.279381041600001367e+02
5.784539359999999988e+02 4.317686217599999736e+02
5.785227019999999811e+02 4.302198219200000722e+02
5.785914689999999609e+02 4.462927022400000396e+02
5.786602349999999433e+02 4.541879809600000613e+02
5.787290020000000368e+02 4.543019588799999724e+02
5.787977690000000166e+02 4.615967249600000173e+02
5.788665349999999989e+02 4.681133676800000671e+02
5.789353019999999788e+02 4.785807689600000572e+02
5.790040679999999611e+02 4.574305848000000196e+02
5.790728350000000546e+02 4.630389624000000026e+02
5.791416020000000344e+02 4.646977238400000374e+02
5.792103680000000168e+02 4.648011054400001285e+02
5.792791349999999966e+02 4.600191254400000389e+02
5.793479009999999789e+02 4.629126600000000167e+02
5.794166679999999587e+02 4.718229432000000543e+02
5.794854350000000522e+02 4.712862022400000228e+02
5.795542010000000346e+02 4.844952168000000370e+02
5.796229680000000144e+02 4.948851880000000847e+02
5.796917339999999967e+02 4.848247476800000300e+02
5.797605009999999766e+02 4.844194185600000537e+02
5.798292679999999564e+02 4.839477272000000312e+02
5.798980340000000524e+02 4.838652112000000329e+02
5.799668010000000322e+02 4.852165483200000722e+02
5.800355670000000146e+02 4.923300748800000406e+02
5.801043339999999944e+02 4.860479119999999966e+02
5.801731009999999742e+02 4.899537249600000450e+02
5.802418669999999565e+02 4.702223904000000516e+02
5.803106340000000500e+02 4.809760984000000690e+02
5.803794000000000324e+02 4.690493203200000494e+02
5.804481670000000122e+02 4.809516174400000637e+02
5.805169339999999920e+02 4.807765110400000594e+02
5.805856999999999744e+02 4.862270145600001001e+02
5.806544669999999542e+02 4.842362403200000358e+02
5.807232330000000502e+02 4.867433300800000779e+02
