169 729.4 10
179 727.5 10
187 716.8 10
197 712.6 10
205 704.2 10
214 701.2 10
223 691.9 10
232 690.1 10
241 686.8 10
250 687.8 10
259 691.5 10
267 700.2 10
275 697.8 10
285 695.1 10
293 686.1 10
302 689.1 10
310 694.3 10
320 696.0 10
329 691.5 10
337 686.1 10
341 689.4 10
346 683.1 10
349 685.0 10
355 683.5 10
358 683.6 10
363 685.9 10
368 686.6 10
373 694.1 10
377 696.0 10
381 707.9 10
385 711.6 10
390 716.7 10
394 717.7 10
403 721.3 10
417 714.8 10
425 715.2 10
435 709.9 10
443 706.9 10
452 698.3 10
461 686.5 10
470 685.8 10
479 679.2 10
487 680.4 10
497 682.8 10
506 682.1 10
514 680.6 10
523 679.3 10
532 676.2 10
541 677.8 10
549 683.5 10
559 684.6 10
567 689.4 10
576 685.7 10
586 682.4 10
594 679.4 10
603 679.4 10
612 681.7 10
621 683.5 10
629 689.3 10
638 690.1 10
647 691.2 10
656 683.5 10
664 678.8 10
673 679.0 10
683 680.6 10
691 675.1 10
699 677.9 10
708 677.8 10
717 679.5 10
725 677.7 10
734 681.4 10
743 687.4 10
752 695.0 10
759 693.7 10
768 692.3 10
778 692.4 10
786 693.0 10
795 691.8 10
803 689.2 10
804 690.2 10
812 688.7 10
813 685.7 10
821 683.7 10
829 684.9 10
837 687.0 10
846 686.1 10
855 685.8 10
864 677.5 10
872 673.9 10
880 669.7 10
888 685.1 10
897 684.2 10
905 687.3 10
914 686.7 10
922 686.3 10
930 677.1 10
938 671.4 10
939 668.6 10
947 667.1 10
956 670.4 10
964 662.3 10
972 663.9 10
982 667.1 10
990 658.5 10
998 656.7 10
998 652.9 10
1003 652.0 10
1007 648.9 10
1007 650.1 10
1015 659.4 10
1023 657.8 10
1032 657.0 10
1041 653.1 10
1049 652.4 10
1057 654.6 10
1066 660.1 10
1074 657.4 10
1084 659.1 10
1092 649.2 10
1100 647.7 10
1109 646.5 10
1117 650.0 10
1126 648.1 10
1134 640.6 10
1143 629.8 10
1151 627.4 10
1159 629.9 10
1168 627.6 10
1177 627.4 10
1184 638.8 10
1193 651.0 10
1201 652.5 10
1210 656.6 10
1218 656.8 10
1226 651.8 10
1235 648.9 10
1243 644.1 10
1251 641.8 10
1259 641.4 10
1268 641.0 10
1276 637.2 10
1284 640.5 10
1293 631.9 10
1302 630.2 10
1306 638.7 10
1318 642.9 10
1328 653.0 10
1336 654.0 10
1343 657.1 10
1352 661.4 10
1362 664.0 10
1369 662.5 10
1377 658.9 10
1386 655.4 10
1393 656.6 10
1402 651.0 10
1411 642.2 10
1420 638.3 10
1428 637.3 10
1436 641.2 10
1445 641.0 10
1452 642.2 10
1462 638.4 10
1470 633.0 10
1478 632.0 10
1487 633.5 10
1495 633.3 10
1503 633.3 10
1513 629.4 10
1522 627.0 10
1531 624.8 10
1539 626.7 10
1548 635.2 10
1556 635.8 10
1565 636.2 10
1574 640.2 10
1583 640.0 10
1593 642.4 10
1601 643.3 10
1610 640.5 10
1619 643.9 10
1623 638.8 10
1628 634.4 10
1632 636.9 10
1636 637.5 10
1646 638.6 10
1655 644.1 10
1664 647.3 10
1672 651.4 10
1682 646.4 10
1690 648.0 10
1700 646.3 10
1709 643.7 10
1718 642.4 10
1726 640.3 10
1735 640.8 10
1743 635.8 10
1752 637.5 10
1761 641.6 10
1765 639.9 10
1770 642.9 10
1773 643.1 10
1774 640.4 10
1779 639.2 10
1786 637.3 10
1795 637.1 10
1805 641.3 10
1814 645.3 10
1823 641.2 10
1831 643.2 10
1841 637.3 10
1849 633.3 10
1857 632.2 10
1866 623.8 10
1874 620.6 10
1883 617.5 10
1892 615.3 10
1901 619.7 10
1910 615.7 10
1918 609.5 10
1927 614.9 10
1937 623.9 10
1945 628.2 10
1949 632.5 10
1953 633.2 10
1958 632.4 10
1963 630.4 10
1967 629.5 10
1972 625.5 10
1980 616.6 10
1989 616.4 10
1998 615.0 10
2002 612.3 10
2007 619.8 10
2016 618.7 10
2024 616.7 10
2033 615.6 10
2043 614.7 10
2050 618.5 10
2059 618.8 10
2069 621.2 10
2077 618.9 10
2085 616.5 10
2094 606.6 10
2104 604.5 10
2121 604.3 10
2129 604.9 10
2137 609.9 10
2146 612.6 10
2154 613.3 10
2163 609.4 10
2188 621.3 10
2196 629.7 10
2205 630.5 10
2213 633.2 10
2223 629.2 10
2229 629.9 10
2237 614.4 10
2247 609.2 10
2254 606.4 10
2262 605.5 10
2271 601.6 10
2281 604.5 10
2288 608.3 10
2296 613.3 10
2304 615.6 10
2315 621.2 10
2322 618.1 10
2330 618.0 10
2338 618.9 10
2347 620.0 10
2364 617.4 10
2372 608.8 10
2382 608.2 10
2389 610.9 10
2399 606.3 10
2408 603.1 10
2416 599.8 10
2424 601.8 10
2434 604.0 10
2442 604.7 10
2451 602.7 10
2459 602.8 10
2468 603.5 10
2477 605.8 10
2486 602.3 10
2494 595.0 10
2503 593.0 10
2512 588.0 10
2520 593.4 10
2529 595.5 10
2538 593.8 10
2547 592.6 10
2557 593.8 10
2565 598.6 10
2573 604.1 10
2583 602.6 10
2591 601.4 10
2602 604.4 10
2618 605.8 10
2626 608.7 10
2635 611.9 10
2645 606.7 10
2653 596.2 10
2663 594.7 10
2672 593.0 10
2685 593.9 10
2689 594.5 10
2714 599.1 10
2733 609.9 10
2751 600.2 10
2772 604.0 10
2791 604.1 10
2809 598.3 10
2847 588.4 10
2866 582.2 10
2907 595.0 10
2923 599.6 10
2944 602.2 10
2961 591.3 10
2983 587.1 10
3001 585.4 10
3020 586.8 10
3039 586.7 10
3058 584.7 10
3096 592.7 10
3110 596.3 10
3135 596.0 10
3152 594.0 10
3163 597.8 10
3193 591.4 10
3212 585.4 10
3229 581.3 10
3248 584.1 10
3286 603.0 10
3309 593.7 10
3325 595.7 10
3345 586.8 10
3370 588.7 10
3385 586.2 10
3404 577.3 10
3420 569.2 10
3480 593.6 10
3497 582.9 10
3515 583.8 10
3532 575.8 10
3554 576.4 10
3568 569.3 10
3574 574.6 10
3593 576.8 10
3610 588.5 10
3629 606.0 10
3668 587.2 10
3687 584.6 10
3705 579.3 10
3727 580.3 10
3745 586.5 10
3765 594.5 10
3782 595.2 10
3823 604.7 10
3858 607.4 10
3880 595.7 10
3897 598.4 10
3919 600.3 10
3934 592.8 10
3960 590.6 10
3976 574.5 10
4000 579.9 10
4065 577.4 10
4084 575.7 10
4106 570.1 10
4158 571.1 10
4173 576.4 10
4205 575.3 10
4230 583.6 10
4252 585.8 10
4271 581.5 10
4287 579.8 10
4325 573.4 10
4351 583.6 10
4372 584.0 10
4393 584.4 10
4416 595.0 10
4459 564.8 10
4478 576.8 10
4518 582.0 10
4569 576.6 10
4609 574.0 10
4669 578.3 10
4689 590.7 10
4701 547.0 10
4770 569.6 10
4803 563.7 10
4890 575.6 10
4904 565.8 10
4918 571.4 10
4938 585.2 10
4954 582.4 10
4970 573.6 10
5034 562.2 10
5083 565.7 10
5101 567.9 10
5141 561.1 10
5239 545.2 10
5270 543.3 10
5293 567.5 10
5359 561.0 10
5370 559.5 10
5394 560.9 10
5412 558.5 10
5423 567.8 10
5429 567.5 10
5460 555.4 10
5484 563.6 10
5499 569.0 10
5532 563.1 10
5551 573.3 10
5603 583.2 10
5622 567.9 10
5672 571.8 10
5691 587.9 10
5710 592.0 10
5728 585.3 10
5747 584.6 10
5765 575.9 10
5783 584.3 10
5800 616.6 10
5822 584.3 10
5838 579.8 10
5857 579.4 10
5875 576.4 10
5895 580.5 10
5915 582.2 10
5936 572.0 10
5940 572.6 10
5952 572.0 10
5965 553.4 10
5976 542.9 10
6009 560.7 10
6030 572.8 10
6049 579.0 10
6068 587.6 10
6088 599.3 10
6108 604.0 10
6127 595.6 10
6167 572.7 10
6206 595.5 10
6226 589.7 10
6244 586.3 10
6264 598.5 10
6282 604.6 10
6300 604.6 10
6321 601.9 10
6340 606.2 10
6359 597.0 10
6379 604.9 10
6398 581.6 10
6419 592.1 10
6437 600.3 10
6457 596.3 10
6470 574.3 10
6483 565.2 10
6496 578.8 10
6509 585.1 10
6522 586.0 10
6535 600.8 10
6548 598.2 10
6574 586.9 10
6587 613.6 10
6600 606.3 10
6614 617.6 10
6626 611.5 10
6640 600.1 10
6653 580.0 10
6667 584.6 10
6680 593.0 10
6694 583.8 10
6708 601.5 10
6721 634.8 10
6735 602.6 10
6748 605.6 10
6762 594.9 10
6776 595.3 10
6790 595.1 10
6803 598.9 10
6818 592.9 10
6831 608.6 10
6845 603.2 10
6858 614.8 10
6872 610.0 10
6886 599.7 10
6900 617.3 10
6914 623.0 10
6927 604.3 10
6941 629.9 10
6955 603.5 10
6970 609.4 10
6984 621.1 10
6998 624.9 10
7012 626.8 10
7027 645.5 10
7042 650.9 10
7056 622.7 10
7071 613.2 10
7086 612.2 10
7102 621.9 10
7116 631.9 10
7132 631.1 10
7147 624.2 10
7163 630.0 10
7177 614.2 10
7193 613.6 10
7209 606.8 10
7225 604.6 10
7244 618.0 10
7256 631.9 10
7272 623.3 10
7290 614.6 10
7304 613.7 10
7322 601.0 10
7335 613.4 10
7351 617.5 10
7368 640.2 10
7383 632.0 10
7401 603.6 10
7415 616.3 10
7431 637.1 10
7447 622.8 10
7462 616.6 10
7477 620.4 10
7494 606.7 10
7509 632.8 10
7556 627.9 10
7578 617.3 10
7587 619.5 10
7603 620.0 10
7620 615.5 10
7638 614.8 10
7651 609.4 10
7667 628.4 10
7684 633.4 10
7699 628.6 10
7715 615.5 10
7738 610.3 10
7748 625.9 10
7763 626.5 10
7780 611.5 10
7796 614.6 10
7812 641.8 10
7828 620.2 10
7845 640.8 10
7862 646.3 10
7878 637.0 10
7896 649.8 10
7911 626.4 10
7927 623.8 10
7944 628.0 10
7960 642.0 10
7977 630.3 10
7992 639.8 10
8009 641.2 10
8026 650.6 10
8041 647.4 10
8057 618.1 10
8074 583.9 10
8091 573.2 10
8107 577.4 10
8122 562.9 10
8140 555.1 10
8156 578.1 10
8172 607.6 10
8189 631.2 10
8205 632.7 10
8223 627.0 10
8239 645.2 10
8261 638.9 10
8277 635.3 10
8290 629.8 10
8307 632.2 10
8324 632.9 10
8341 635.4 10
8361 642.6 10
8377 664.9 10
8394 626.5 10
8412 630.9 10
8430 635.5 10
8447 630.2 10
8465 646.9 10
8483 648.1 10
8501 651.0 10
8519 658.2 10
8537 651.2 10
8554 657.2 10
8572 668.5 10
8594 660.7 10
8607 652.6 10
8626 673.8 10
8643 673.2 10
8662 663.6 10
8678 659.5 10
8697 648.2 10
8715 670.0 10
8733 661.1 10
8751 662.8 10
8769 662.6 10
8792 674.4 10
8806 670.6 10
8824 678.5 10
8843 664.7 10
8861 669.3 10
8880 653.1 10
8899 660.4 10
8918 667.5 10
8936 666.3 10
8955 655.6 10
8974 665.1 10
8993 682.1 10
9012 682.9 10
9031 672.9 10
9051 671.4 10
9070 683.9 10
9090 676.5 10
9109 660.0 10
9128 662.0 10
9148 657.2 10
9167 653.1 10
9187 654.0 10
9206 663.5 10
9226 663.9 10
9250 682.9 10
9264 675.0 10
9283 665.5 10
9302 667.5 10
9322 675.7 10
9340 687.0 10
9360 680.8 10
9378 663.9 10
9397 682.4 10
9416 683.7 10
9435 685.6 10
9453 699.8 10
9472 679.4 10
9491 679.7 10
9510 682.7 10
9529 682.1 10
9548 686.1 10
9567 677.1 10
9585 693.1 10
9605 690.3 10
9624 689.7 10
9642 686.9 10
9666 683.4 10
9682 689.5 10
9701 678.2 10
9721 698.4 10
9740 682.3 10
9760 689.7 10
9779 692.1 10
9798 690.3 10
9821 680.4 10
9839 699.7 10
9863 698.6 10
9878 708.5 10
9898 697.5 10
9918 702.8 10
9957 694.0 10
9977 684.4 10
9997 694.3 10
10018 715.4 10
10037 689.5 10
10058 680.9 10
10078 699.0 10
10098 688.2 10
10117 682.9 10
10139 671.5 10
10158 673.9 10
10179 695.1 10
10199 705.5 10
10218 691.6 10
10239 700.8 10
10259 704.4 10
10280 704.8 10
10300 697.9 10
10320 710.9 10
10340 700.6 10
10361 700.8 10
10383 706.2 10
10406 690.6 10
10422 692.9 10
10462 704.1 10
10482 690.1 10
10544 689.9 10
10563 695.9 10
10583 691.2 10
10604 691.5 10
10624 680.5 10
10644 691.7 10
10665 704.8 10
10685 679.2 10
10706 682.6 10
10744 672.1 10
10767 679.4 10
10785 681.7 10
10805 679.2 10
10826 684.1 10
10843 694.0 10
10863 702.0 10
10883 681.0 10
10902 700.8 10
10942 682.1 10
10961 698.3 10
10980 680.6 10
11000 677.5 10
11019 706.4 10
11038 695.2 10
11059 691.4 10
11077 692.8 10
11096 692.3 10
11133 700.9 10
11152 702.1 10
11170 689.8 10
11188 686.9 10
11207 688.4 10
11225 679.0 10
11243 664.7 10
11306 670.8 10
11306 670.4 10
11324 674.1 10
11324 673.8 10
11341 702.8 10
11341 702.5 10
11360 708.8 10
11360 708.5 10
11378 703.2 10
11378 702.9 10
11384 690.4 10
11394 710.5 10
11394 710.2 10
11411 734.3 10
11411 734.1 10
11428 743.4 10
11428 743.2 10
11447 756.1 10
11447 755.9 10
11480 756.4 10
11480 756.2 10
11496 710.9 10
11496 710.7 10
11513 681.4 10
11513 681.3 10
11521 647.4 10
11530 645.4 10
11530 645.3 10
11549 614.1 10
11549 614.0 10
11566 578.3 10
11566 578.3 10
11584 526.8 10
11584 526.7 10
11603 490.9 10
11603 490.8 10
11622 485.4 10
11622 485.3 10
11662 488.3 10
11661 488.2 10
11671 475.6 10
11682 484.9 10
11682 484.8 10
11704 482.9 10
11704 482.7 10
11722 481.5 10
11722 481.3 10
11745 483.3 10
11745 483.2 10
11765 489.9 10
11765 489.8 10
11786 492.3 10
11786 492.1 10
11808 489.0 10
11808 488.8 10
11830 482.0 10
11830 481.8 10
11840 476.8 10
11873 485.0 10
11873 484.8 10
11896 475.7 10
11896 475.6 10
11919 483.0 10
11919 482.8 10
11941 486.7 10
11941 486.4 10
11964 496.0 10
11964 495.7 10
11985 486.8 10
11985 486.5 10
12008 472.9 10
12008 472.7 10
12018 457.5 10
12030 472.3 10
12030 472.1 10
12052 482.1 10
12052 481.8 10
12096 477.4 10
12096 477.1 10
12118 467.2 10
12118 466.9 10
12139 481.2 10
12139 481.0 10
12161 487.8 10
12161 487.6 10
12185 476.7 10
12185 476.5 10
12193 466.7 10
12205 474.3 10
12205 474.1 10
12228 472.6 10
12228 472.4 10
12250 474.7 10
12250 474.5 10
12271 468.2 10
12271 468.0 10
12315 468.0 10
12315 467.8 10
12337 480.2 10
12337 480.0 10
12359 493.1 10
12359 492.9 10
12369 476.2 10
12382 479.6 10
12382 479.4 10
12404 475.5 10
12404 475.3 10
12426 472.2 10
12426 472.1 10
12448 473.3 10
12448 473.1 10
12470 467.8 10
12470 467.7 10
12492 465.7 10
12492 465.5 10
12536 463.0 10
12536 462.9 10
12546 453.5 10
12560 463.2 10
12560 463.1 10
12581 464.2 10
12581 464.0 10
12603 466.8 10
12603 466.7 10
12627 482.8 10
12626 482.7 10
12647 492.7 10
12647 492.5 10
12669 500.1 10
12669 500.0 10
12691 505.6 10
12691 505.5 10
12713 505.4 10
12713 505.3 10
12723 493.8 10
12756 550.9 10
12756 550.8 10
12777 597.9 10
12777 597.7 10
12798 608.1 10
12798 607.9 10
12818 615.5 10
12818 615.3 10
12840 634.4 10
12840 634.3 10
12860 656.8 10
12860 656.6 10
12881 674.3 10
12881 674.2 10
12890 665.5 10
12901 678.7 10
12901 678.5 10
12922 685.4 10
12922 685.2 10
12963 664.1 10
12963 663.9 10
12983 653.9 10
12983 653.7 10
13006 652.3 10
13005 652.1 10
13026 643.3 10
13026 643.1 10
13049 636.0 10
13049 635.8 10
13057 621.5 10
13069 627.4 10
13069 627.2 10
13090 607.3 10
13090 607.0 10
13112 599.6 10
13112 599.3 10
13134 612.6 10
13134 612.4 10
13178 632.2 10
13178 631.9 10
13200 653.3 10
13200 653.1 10
13222 662.3 10
13222 662.0 10
13233 661.4 10
13244 675.5 10
13244 675.2 10
13268 666.8 10
13268 666.5 10
13292 679.1 10
13292 678.8 10
13313 684.5 10
13313 684.2 10
13334 676.6 10
13334 676.3 10
13355 678.7 10
13355 678.4 10
13399 678.8 10
13399 678.6 10
13410 662.8 10
13422 671.7 10
13422 671.4 10
13443 674.9 10
13443 674.7 10
13465 681.9 10
13465 681.6 10
13487 684.5 10
13487 684.3 10
13508 675.8 10
13508 675.5 10
13529 660.2 10
13529 659.9 10
13551 636.5 10
13551 636.3 10
13572 632.2 10
13572 632.0 10
13582 625.9 10
13615 653.0 10
13615 652.7 10
13638 654.8 10
13638 654.5 10
13660 658.0 10
13660 657.8 10
13682 668.7 10
13682 668.5 10
13706 672.9 10
13706 672.7 10
13728 679.4 10
13728 679.2 10
13751 672.6 10
13751 672.4 10
13762 657.0 10
13774 658.3 10
13774 658.1 10
13798 654.3 10
13798 654.1 10
13847 660.5 10
13847 660.3 10
13870 663.8 10
13870 663.5 10
13882 654.6 10
13882 654.3 10
13893 648.6 10
13893 648.4 10
13906 640.6 10
13906 640.4 10
13918 622.4 10
13918 622.2 10
13930 603.9 10
13929 603.6 10
13953 590.9 10
13953 590.6 10
13954 577.7 10
13966 578.9 10
13965 578.6 10
13978 578.1 10
13978 577.8 10
13989 573.8 10
13989 573.5 10
14001 575.3 10
14001 575.1 10
14013 584.2 10
14013 583.9 10
14025 607.0 10
14025 606.8 10
14037 635.2 10
14037 634.9 10
14048 635.3 10
14048 635.1 10
14072 650.5 10
14072 650.3 10
14085 651.8 10
14085 651.6 10
14096 645.7 10
14096 645.5 10
14108 630.5 10
14108 630.3 10
14119 628.0 10
14119 627.8 10
14131 632.5 10
14131 632.3 10
14143 623.2 10
14143 623.0 10
14143 612.7 10
14155 623.9 10
14155 623.7 10
14166 640.4 10
14166 640.3 10
14190 639.7 10
14190 639.6 10
14200 632.4 10
14200 632.3 10
14212 621.9 10
14212 621.8 10
14224 615.0 10
14224 614.9 10
14236 614.6 10
14236 614.5 10
14247 616.9 10
14247 616.8 10
14258 618.8 10
14258 618.7 10
14269 622.7 10
14269 622.6 10
14280 626.7 10
14280 626.6 10
14302 616.0 10
14302 615.9 10
14310 608.5 10
14312 622.7 10
14312 622.7 10
14324 628.0 10
14323 628.0 10
14335 634.9 10
14335 634.9 10
14344 635.2 10
14344 635.2 10
14356 631.8 10
14356 631.8 10
14367 622.7 10
14367 622.7 10
14377 620.6 10
14377 620.6 10
14388 629.4 10
14388 629.4 10
14410 639.1 10
14409 639.1 10
14420 628.4 10
14420 628.4 10
14431 625.4 10
14431 625.4 10
14442 625.1 10
14442 625.1 10
14453 624.0 10
14453 624.1 10
14454 617.4 10
14465 625.5 10
14465 625.6 10
14474 622.5 10
14474 622.6 10
14486 620.4 10
14486 620.4 10
14497 612.4 10
14497 612.5 10
14525 593.8 10
14525 593.9 10
14531 591.9 10
14531 592.0 10
14541 585.7 10
14541 585.8 10
14553 579.7 10
14553 579.8 10
14563 577.8 10
14563 577.9 10
14575 565.3 10
14575 565.4 10
14587 533.1 10
14587 533.1 10
14597 520.7 10
14597 520.7 10
14610 503.7 10
14610 503.8 10
14610 493.5 10
14638 495.9 10
14638 495.9 10
14644 492.9 10
14644 492.9 10
14654 491.1 10
14654 491.2 10
14667 489.3 10
14667 489.4 10
14678 484.7 10
14678 484.7 10
14690 487.8 10
14690 487.8 10
14701 484.6 10
14701 484.6 10
14715 484.5 10
14715 484.5 10
14725 484.4 10
14725 484.4 10
14749 489.5 10
14749 489.5 10
14761 489.4 10
14761 489.4 10
14772 487.8 10
14772 487.8 10
14773 480.2 10
14784 488.0 10
14784 488.0 10
14796 489.7 10
14796 489.8 10
14808 485.6 10
14808 485.6 10
14820 487.6 10
14820 487.6 10
14833 487.8 10
14833 487.8 10
14844 480.6 10
14844 480.6 10
14868 472.4 10
14868 472.4 10
14880 475.6 10
14879 475.6 10
14893 473.7 10
14893 473.7 10
14905 476.2 10
14905 476.2 10
14916 479.7 10
14916 479.7 10
14929 487.4 10
14929 487.4 10
14941 487.1 10
14941 487.1 10
14942 479.2 10
14955 480.3 10
14954 480.3 10
14965 478.6 10
14965 478.6 10
14990 475.3 10
14990 475.3 10
15002 472.1 10
15002 472.1 10
15014 471.3 10
15014 471.3 10
15026 467.8 10
15026 467.8 10
15038 471.9 10
15038 471.9 10
15050 463.6 10
15050 463.6 10
15062 461.8 10
15062 461.8 10
15075 458.4 10
15075 458.4 10
15086 461.9 10
15086 461.9 10
15109 452.6 10
15111 467.2 10
15111 467.2 10
15122 472.3 10
15122 472.3 10
15135 474.8 10
15135 474.8 10
15146 473.7 10
15146 473.7 10
15158 474.0 10
15158 474.1 10
15171 464.4 10
15171 464.5 10
15183 466.3 10
15183 466.4 10
15196 467.0 10
15196 467.0 10
15207 469.8 10
15207 469.9 10
15232 475.6 10
15232 475.6 10
15245 475.9 10
15245 476.0 10
15258 476.1 10
15258 476.1 10
15271 474.6 10
15271 474.6 10
15283 476.0 10
15283 476.0 10
15284 456.6 10
15297 473.1 10
15297 473.1 10
15310 476.2 10
15310 476.2 10
15323 472.8 10
15323 472.8 10
15336 471.5 10
15336 471.6 10
15363 477.0 10
15363 477.0 10
15379 477.2 10
15379 477.2 10
15390 478.4 10
15390 478.4 10
15404 476.6 10
15404 476.6 10
15418 470.8 10
15418 470.8 10
15432 478.3 10
15432 478.3 10
15446 469.2 10
15446 469.2 10
15447 456.0 10
15460 467.9 10
15460 467.9 10
15475 465.8 10
15475 465.8 10
15504 459.3 10
15503 459.3 10
15517 459.1 10
15517 459.1 10
15532 460.7 10
15532 460.7 10
15546 459.9 10
15546 459.9 10
15561 457.2 10
15561 457.2 10
15576 454.4 10
15576 454.4 10
15591 453.0 10
15591 453.0 10
15605 454.9 10
15605 454.8 10
15621 453.3 10
15621 453.3 10
15622 443.4 10
15651 452.4 10
15651 452.4 10
15665 450.3 10
15665 450.2 10
15681 449.8 10
15681 449.8 10
15697 450.8 10
15697 450.8 10
15711 458.6 10
15711 458.6 10
15726 459.5 10
15726 459.5 10
15742 460.0 10
15742 460.0 10
15757 459.7 10
15757 459.7 10
15772 459.6 10
15772 459.6 10
15803 458.7 10
15803 458.7 10
15804 446.5 10
15820 454.6 10
15820 454.6 10
15834 454.0 10
15834 454.0 10
15862 450.1 10
15862 450.1 10
15865 450.2 10
15865 450.3 10
15880 451.2 10
15880 451.3 10
15897 448.1 10
15897 448.2 10
15913 452.3 10
15913 452.3 10
15929 449.4 10
15928 449.4 10
15963 453.9 10
15963 453.9 10
15980 463.8 10
15980 463.8 10
15998 463.2 10
15998 463.2 10
15998 450.9 10
16015 465.6 10
16015 465.6 10
16031 468.0 10
16031 468.0 10
16050 475.1 10
16050 475.1 10
16071 482.3 10
16071 482.3 10
16086 483.5 10
16086 483.5 10
16105 484.1 10
16104 484.1 10
16141 448.9 10
16141 448.9 10
16160 443.1 10
16160 443.1 10
16179 443.1 10
16179 443.0 10
16199 444.2 10
16199 444.2 10
16218 442.9 10
16218 442.9 10
16218 432.1 10
16238 447.8 10
16238 447.8 10
16257 450.6 10
16257 450.6 10
16276 450.0 10
16276 450.1 10
16296 451.9 10
16296 451.9 10
16334 448.7 10
16334 448.8 10
16354 440.4 10
16354 440.5 10
16373 439.2 10
16373 439.3 10
16393 433.2 10
16393 433.2 10
16413 435.5 10
16413 435.5 10
16433 433.4 10
16433 433.5 10
16452 432.3 10
16451 432.3 10
16452 421.7 10
16472 432.9 10
16472 432.9 10
16493 432.1 10
16493 432.1 10
16533 433.8 10
16533 433.8 10
16555 438.6 10
16555 438.6 10
16575 438.9 10
16575 439.0 10
16595 437.7 10
16595 437.8 10
16616 435.0 10
16616 435.0 10
16636 434.5 10
16636 434.5 10
16656 439.5 10
16656 439.5 10
16680 436.1 10
16680 436.2 10
16700 429.7 10
16700 429.7 10
16701 416.7 10
16743 422.9 10
16743 422.9 10
16767 423.9 10
16767 423.9 10
16790 426.8 10
16790 426.8 10
16813 426.4 10
16813 426.4 10
16836 428.5 10
16836 428.5 10
16856 436.3 10
16856 436.2 10
16880 427.8 10
16880 427.8 10
16906 427.9 10
16906 427.9 10
16928 424.9 10
16928 424.9 10
16977 424.3 10
16977 424.3 10
16978 411.2 10
17002 424.5 10
17001 424.5 10
17026 420.7 10
17026 420.7 10
17051 416.4 10
17051 416.3 10
17075 422.3 10
17075 422.3 10
17100 423.6 10
17100 423.5 10
17125 417.4 10
17125 417.3 10
17150 407.6 10
17150 407.5 10
17175 406.6 10
17175 406.4 10
17225 409.1 10
17224 408.9 10
17250 412.0 10
17250 411.8 10
17274 413.7 10
17274 413.5 10
17279 405.6 10
17298 412.2 10
17298 412.0 10
17325 409.4 10
17325 409.2 10
17350 410.2 10
17350 410.1 10
17376 406.0 10
17376 405.8 10
17401 403.5 10
17401 403.4 10
17427 402.8 10
17427 402.6 10
17479 402.5 10
17479 402.4 10
17505 402.4 10
17505 402.3 10
17534 394.7 10
17534 394.6 10
17535 406.7 10
17559 394.1 10
17559 393.9 10
17585 391.2 10
17585 391.1 10
17614 393.7 10
17613 393.6 10
17639 386.2 10
17639 386.1 10
17667 389.8 10
17667 389.7 10
17695 380.5 10
17695 380.4 10
17749 384.1 10
17749 384.0 10
17777 384.1 10
17777 384.0 10
17806 386.0 10
17806 385.9 10
17808 375.9 10
17835 383.7 10
17835 383.7 10
17864 381.8 10
17864 381.8 10
17897 383.5 10
17897 383.4 10
17924 385.5 10
17924 385.4 10
17954 383.9 10
17954 383.9 10
17985 383.7 10
17985 383.7 10
18048 385.5 10
18048 385.5 10
18079 377.8 10
18079 377.7 10
18110 378.6 10
18110 378.6 10
18112 372.9 10
18142 376.0 10
18142 376.0 10
18174 376.1 10
18174 376.0 10
18204 375.9 10
18204 375.8 10
18239 373.9 10
18239 373.8 10
18271 373.8 10
18271 373.7 10
18303 378.1 10
18303 378.1 10
18368 376.6 10
18367 376.5 10
18401 376.5 10
18401 376.5 10
18432 377.3 10
18432 377.3 10
18433 377.6 10
18465 378.5 10
18465 378.5 10
18494 384.4 10
18494 384.3 10
18527 381.8 10
18527 381.8 10
18562 377.0 10
18562 376.9 10
18595 374.6 10
18595 374.5 10
18630 379.9 10
18630 379.8 10
18688 377.4 10
18688 377.4 10
18720 373.3 10
18719 373.3 10
18752 374.5 10
18752 374.4 10
18753 368.6 10
18784 375.4 10
18783 375.3 10
18815 376.9 10
18815 376.9 10
18845 378.8 10
18845 378.7 10
18880 379.2 10
18880 379.2 10
18912 378.1 10
18912 378.1 10
18944 376.9 10
18944 376.9 10
19010 373.0 10
19010 373.0 10
19042 372.8 10
19042 372.8 10
19075 375.1 10
19075 375.1 10
19076 367.8 10
19105 375.2 10
19105 375.2 10
19139 382.9 10
19139 382.9 10
19172 387.4 10
19172 387.5 10
19204 377.8 10
19204 377.9 10
19235 379.1 10
19235 379.2 10
19270 386.8 10
19270 386.8 10
19333 382.4 10
19333 382.5 10
19371 385.8 10
19371 385.9 10
19398 386.4 10
19397 386.4 10
19398 376.3 10
19430 376.0 10
19430 376.1 10
19461 373.8 10
19461 373.8 10
19492 372.6 10
19492 372.7 10
19526 373.8 10
19526 373.8 10
19556 372.1 10
19556 372.2 10
19590 371.6 10
19590 371.7 10
19654 374.7 10
19654 374.8 10
19686 375.5 10
19686 375.6 10
19719 374.4 10
19719 374.5 10
19720 369.1 10
19751 371.9 10
19751 372.0 10
19781 370.7 10
19781 370.8 10
19815 370.5 10
19815 370.6 10
19851 369.1 10
19851 369.2 10
19883 367.6 10
19883 367.7 10
19917 371.3 10
19917 371.4 10
19982 375.0 10
19982 375.1 10
20019 371.3 10
20019 371.4 10
20048 374.3 10
20048 374.4 10
20049 364.6 10
20081 372.2 10
20081 372.3 10
20114 365.7 10
20114 365.8 10
20147 366.9 10
20147 367.1 10
20180 376.9 10
20180 377.1 10
20213 379.1 10
20213 379.2 10
20245 374.0 10
20245 374.2 10
20307 370.5 10
20307 370.7 10
20341 373.0 10
20341 373.2 10
20370 374.3 10
20370 374.5 10
20371 368.6 10
20401 374.0 10
20401 374.2 10
20433 371.1 10
20433 371.3 10
20463 368.6 10
20463 368.8 10
20494 367.0 10
20494 367.2 10
20526 362.3 10
20526 362.4 10
20556 363.0 10
20556 363.1 10
20621 371.8 10
20621 371.9 10
20623 355.7 10
20656 369.5 10
20656 369.7 10
20687 369.6 10
20687 369.7 10
20723 372.9 10
20723 373.0 10
20764 371.7 10
20764 371.8 10
20787 372.4 10
20787 372.6 10
20821 374.8 10
20821 374.9 10
20856 374.0 10
20861 374.2 10
20889 372.9 10
20889 373.0 10
20894 364.0 10
20959 376.7 10
20959 376.8 10
20993 381.0 10
20993 381.2 10
21027 381.0 10
21027 381.1 10
21061 373.2 10
21061 373.3 10
21096 372.2 10
21096 372.3 10
21129 370.8 10
21129 370.9 10
21164 373.4 10
21164 373.5 10
21165 361.9 10
21198 373.7 10
21198 373.8 10
21233 376.3 10
21233 376.4 10
21303 372.0 10
21303 372.1 10
21338 363.5 10
21338 363.6 10
21408 363.4 10
21408 363.5 10
21442 361.5 10
21442 361.6 10
21446 353.8 10
21478 364.6 10
21478 364.8 10
21512 369.7 10
21512 369.8 10
21548 362.9 10
21548 363.1 10
21584 364.3 10
21584 364.4 10
21622 368.2 10
21622 368.4 10
21675 361.5 10
21675 361.6 10
21690 363.2 10
21690 363.3 10
21726 363.8 10
21726 363.9 10
21727 357.2 10
21762 364.8 10
21762 364.9 10
21797 363.1 10
21797 363.3 10
21837 361.0 10
21837 361.1 10
21873 358.8 10
21873 358.9 10
21905 363.2 10
21905 363.3 10
21939 363.1 10
21939 363.2 10
22009 364.9 10
22008 365.0 10
22010 352.8 10
22043 360.9 10
22043 361.0 10
22078 362.2 10
22078 362.3 10
22113 361.3 10
22113 361.4 10
22146 359.7 10
22146 359.9 10
22180 369.3 10
22180 369.4 10
22215 374.1 10
22215 374.2 10
22249 366.5 10
22249 366.6 10
22284 370.5 10
22284 370.7 10
22285 357.1 10
22351 374.6 10
22351 374.7 10
22386 369.3 10
22386 369.4 10
22421 371.8 10
22421 371.9 10
22457 379.6 10
22457 379.7 10
22489 376.4 10
22489 376.5 10
22524 383.1 10
22524 383.2 10
22559 380.0 10
22559 380.1 10
22560 364.1 10
22594 375.2 10
22594 375.3 10
22629 373.6 10
22628 373.7 10
22721 387.2 10
22721 387.3 10
22733 381.6 10
22733 381.7 10
22768 390.4 10
22768 390.5 10
22804 387.6 10
22804 387.6 10
22838 380.2 10
22838 380.3 10
22841 373.4 10
22911 388.2 10
22911 388.2 10
22982 387.2 10
22982 387.2 10
23051 389.7 10
23051 389.7 10
23123 380.2 10
23136 391.1 10
23135 391.1 10
23195 397.2 10
23195 397.3 10
23266 406.9 10
23266 407.0 10
23336 389.6 10
23336 389.6 10
23405 384.0 10
23432 392.9 10
23432 392.9 10
23477 383.5 10
23477 383.6 10
23545 398.2 10
23545 398.3 10
23610 399.0 10
23610 399.1 10
23674 390.9 10
23681 394.7 10
23681 394.8 10
23739 399.1 10
23739 399.2 10
23769 391.2 10
23802 403.4 10
23802 403.6 10
23863 387.5 10
23871 399.3 10
23871 399.4 10
23930 396.2 10
23930 396.3 10
23966 379.3 10
23994 376.9 10
23994 377.0 10
24057 353.5 10
24067 361.9 10
24067 362.0 10
24123 360.3 10
24123 360.4 10
24154 356.3 10
24188 362.7 10
24188 362.8 10
24251 352.8 10
24260 363.5 10
24260 363.6 10
24316 366.0 10
24316 366.2 10
24347 358.8 10
24379 369.9 10
24378 370.0 10
24442 370.7 10
24450 376.1 10
24450 376.3 10
24506 371.8 10
24506 372.0 10
24536 359.1 10
24569 374.2 10
24569 374.4 10
24629 360.8 10
24636 371.0 10
24636 371.1 10
24690 372.6 10
24690 372.8 10
24719 363.6 10
24809 367.2 10
24817 381.2 10
24817 381.3 10
24871 380.0 10
24871 380.1 10
24898 372.2 10
24988 361.8 10
25050 367.6 10
25050 367.7 10
25080 360.2 10
25112 367.6 10
25112 367.8 10
25171 352.2 10
25262 368.2 10
25294 379.5 10
25294 379.7 10
25354 359.7 10
25362 367.9 10
25362 368.0 10
25446 369.8 10
25540 360.4 10
25549 366.7 10
25549 366.8 10
25635 358.6 10
25670 370.7 10
25670 370.8 10
25733 348.6 10
25800 365.7 10
25800 365.7 10
25831 353.3 10
25865 364.7 10
25865 364.8 10
25928 355.4 10
25952 366.6 10
25952 366.7 10
25995 366.4 10
25995 366.5 10
26024 357.6 10
26056 364.1 10
26056 364.1 10
26117 357.7 10
26122 369.1 10
26122 369.2 10
26181 372.7 10
26181 372.7 10
26211 363.4 10
26243 364.2 10
26243 364.2 10
26301 353.8 10
26309 364.4 10
26309 364.4 10
26363 360.1 10
26363 360.0 10
26392 352.4 10
26484 356.6 10
26576 363.8 10
26666 373.5 10
26757 372.1 10
26847 370.4 10
26939 372.1 10
26999 379.3 10
27059 360.2 10
27119 375.8 10
27177 376.5 10
27236 372.5 10
27295 374.3 10
27355 356.6 10
27411 387.6 10
27467 387.7 10
27526 411.8 10
27578 436.6 10
27631 442.3 10
27687 446.7 10
27743 431.5 10
27800 401.8 10
27854 371.2 10
27911 372.1 10
27968 359.6 10
28023 359.8 10
28077 361.3 10
28132 361.6 10
28186 376.7 10
28241 374.6 10
28297 376.0 10
28358 380.2 10
28419 384.5 10
28487 385.4 10
28547 385.5 10
28611 402.0 10
28681 418.4 10
28738 449.0 10
28802 456.7 10
28866 462.5 10
28929 496.0 10
28992 451.5 10
29053 397.2 10
29115 385.8 10
29177 386.7 10
29304 388.7 10
29371 381.2 10
29432 379.0 10
29495 375.7 10
29565 384.3 10
29625 378.1 10
29691 405.7 10
29760 383.3 10
29822 382.3 10
29889 380.8 10
29955 386.3 10
30025 384.4 10
30095 396.8 10
30172 391.9 10
30241 413.3 10
30315 391.6 10
30396 385.3 10
30466 386.8 10
30541 403.1 10
30619 414.3 10
30688 425.0 10
30762 393.3 10
30846 391.0 10
30931 382.4 10
31025 388.1 10
31122 388.3 10
31221 397.5 10
31328 410.3 10
31451 408.6 10
31560 402.7 10
31675 409.3 10
31798 412.4 10
31928 421.2 10
32023 445.5 10
32142 449.3 10
32239 463.7 10
32339 504.8 10
32443 518.1 10
32531 503.6 10
32621 462.0 10
32707 409.0 10
32788 400.0 10
32869 409.2 10
32958 402.6 10
33036 399.7 10
33124 410.6 10
33225 404.9 10
33316 424.3 10
33415 425.2 10
33517 460.3 10
33605 482.8 10
33650 494.7 10
33696 493.1 10
33742 504.3 10
33788 506.9 10
33835 507.6 10
33882 448.5 10
33928 424.3 10
33975 418.3 10
34021 422.2 10
34065 426.5 10
34108 415.8 10
34148 415.1 10
34188 421.6 10
34228 427.9 10
34267 421.5 10
34308 419.1 10
34343 411.3 10
34379 423.3 10
34416 420.0 10
34453 415.8 10
34491 420.3 10
34528 438.7 10
34565 447.5 10
34602 417.2 10
34639 439.2 10
34676 458.4 10
34714 443.8 10
34752 443.3 10
34790 430.0 10
34828 481.4 10
34865 488.3 10
34901 496.1 10
34938 530.0 10
34974 552.2 10
35011 539.8 10
35048 504.3 10
35087 514.0 10
35125 516.9 10
35164 513.4 10
35204 511.5 10
35245 519.8 10
35286 531.1 10
35325 538.0 10
35362 534.8 10
35399 524.1 10
35436 527.5 10
35472 541.3 10
35508 536.9 10
35544 544.9 10
35580 563.1 10
35616 520.7 10
35654 462.0 10
35693 439.4 10
35732 418.4 10
35771 411.1 10
35810 408.5 10
35848 417.8 10
35886 414.2 10
35926 418.1 10
35967 417.0 10
36007 437.3 10
36046 427.8 10
36084 425.9 10
36123 414.8 10
36157 413.5 10
36194 424.3 10
36231 429.5 10
36280 429.4 10
36307 420.7 10
36359 427.7 10
36388 433.9 10
36431 440.8 10
36476 446.2 10
36521 441.7 10
36565 440.1 10
36611 448.6 10
36655 462.7 10
36699 460.9 10
36746 468.3 10
36790 488.8 10
36835 516.1 10
36881 509.3 10
36929 520.0 10
36977 513.0 10
37028 508.1 10
37071 489.2 10
37119 511.5 10
37170 537.3 10
37214 547.4 10
37261 557.0 10
37319 562.6 10
37333 570.4 10
37357 571.2 10
37381 572.3 10
37405 578.3 10
37429 585.2 10
37453 575.7 10
37477 565.3 10
37501 572.1 10
37525 563.4 10
37549 555.2 10
37572 582.0 10
37595 564.0 10
37618 568.0 10
37641 579.1 10
37665 554.9 10
37713 551.6 10
37736 552.3 10
37760 550.4 10
37784 563.9 10
37808 552.5 10
37833 567.7 10
37862 555.2 10
37882 551.9 10
37907 551.8 10
37932 550.4 10
37957 561.9 10
37981 558.6 10
38005 558.0 10
38029 551.6 10
38052 546.1 10
38074 554.7 10
38096 553.5 10
38117 552.4 10
38138 544.9 10
38159 552.9 10
38180 561.8 10
38201 572.7 10
38221 580.9 10
38270 579.6 10
38283 575.0 10
38304 570.1 10
38325 557.0 10
38346 541.4 10
38367 539.3 10
38389 487.9 10
38411 472.7 10
38432 438.6 10
38454 434.6 10
38475 440.0 10
38495 435.1 10
38515 441.1 10
38536 447.7 10
38556 437.7 10
38575 433.2 10
38614 443.1 10
38635 432.1 10
38652 431.8 10
38671 443.5 10
38690 448.7 10
38709 439.4 10
38754 438.6 10
38766 453.8 10
38785 442.9 10
38805 458.0 10
38824 448.6 10
38844 431.9 10
38860 450.2 10
38886 434.4 10
38906 434.9 10
38924 442.8 10
38945 453.0 10
38965 457.7 10
38984 437.8 10
39005 429.1 10
39025 437.5 10
39046 439.3 10
39066 452.4 10
39086 444.6 10
39105 424.5 10
39125 429.3 10
39144 437.4 10
39163 432.4 10
39182 421.2 10
39219 436.2 10
39239 450.0 10
39258 446.6 10
39277 436.0 10
39297 432.3 10
39316 432.7 10
39341 433.6 10
39357 438.2 10
39378 429.0 10
39398 424.7 10
39419 427.0 10
39440 432.6 10
39460 446.0 10
39482 462.9 10
39503 449.9 10
39524 453.9 10
39546 409.2 10
39568 402.0 10
39593 415.5 10
39612 409.5 10
39634 414.6 10
39656 403.6 10
39679 399.3 10
39728 396.4 10
39750 401.6 10
39774 404.3 10
39799 413.5 10
39825 409.6 10
39850 411.2 10
39875 410.1 10
39900 400.7 10
39925 404.7 10
39950 403.6 10
39975 409.0 10
40000 405.3 10
40024 409.7 10
40049 416.4 10
40074 415.0 10
40099 405.1 10
40124 408.1 10
40151 409.7 10
40175 446.2 10
40201 460.5 10
40227 471.7 10
40253 484.4 10
40279 486.5 10
40305 477.6 10
40357 434.3 10
40383 427.8 10
40408 412.1 10
40433 421.5 10
40457 411.1 10
40482 407.4 10
40505 406.7 10
40552 406.4 10
40576 417.8 10
40599 413.8 10
40622 406.0 10
40645 413.5 10
40668 400.6 10
40696 411.0 10
40712 414.0 10
40734 418.1 10
40756 417.1 10
40778 445.0 10
40801 421.6 10
40823 421.3 10
40846 436.5 10
40868 433.5 10
40912 428.9 10
40935 413.3 10
40958 411.3 10
40981 434.1 10
41005 442.9 10
41030 435.8 10
41055 430.4 10
41080 430.6 10
41106 450.0 10
41131 448.1 10
41156 456.8 10
41182 467.2 10
41206 483.9 10
41231 480.8 10
41256 495.4 10
41280 478.7 10
41304 471.3 10
41327 458.9 10
41351 463.9 10
41373 459.1 10
41396 474.2 10
41419 485.2 10
41442 483.4 10
41489 470.7 10
41513 487.8 10
41537 488.0 10
41562 492.0 10
41586 490.0 10
41610 484.1 10
41631 471.8 10
41655 427.0 10
41682 409.9 10
41706 401.7 10
41729 415.0 10
41752 400.0 10
41777 404.6 10
41799 398.0 10
41820 399.8 10
41838 417.7 10
41865 405.6 10
41888 413.0 10
41920 410.4 10
41934 391.6 10
41957 402.8 10
41981 402.3 10
42004 405.7 10
42055 412.6 10
42080 407.0 10
42106 409.9 10
42132 406.8 10
42159 405.6 10
42186 420.8 10
42213 406.7 10
42241 409.5 10
42268 403.5 10
42296 401.3 10
42324 401.0 10
42352 410.4 10
42379 432.9 10
42406 416.7 10
42439 418.6 10
42461 430.7 10
42489 437.7 10
42517 428.3 10
42545 439.7 10
42571 449.9 10
42601 448.3 10
42630 459.4 10
42686 442.2 10
42714 443.1 10
42742 455.0 10
42771 462.6 10
42799 456.9 10
42827 468.7 10
42883 466.0 10
42910 468.4 10
42934 468.8 10
42962 477.9 10
42994 508.1 10
43022 495.7 10
43050 490.6 10
43078 485.7 10
43112 480.9 10
43139 475.8 10
43162 486.4 10
43193 478.7 10
43213 475.6 10
43239 469.4 10
43265 476.6 10
43291 482.8 10
43316 481.0 10
43367 484.5 10
43393 488.4 10
43419 490.6 10
43444 498.7 10
43469 509.9 10
43494 500.5 10
43519 485.2 10
43544 446.5 10
43568 417.1 10
43593 411.9 10
43617 412.4 10
43642 405.6 10
43666 412.9 10
43692 405.8 10
43717 404.8 10
43742 407.4 10
43768 398.3 10
43793 404.5 10
43819 403.7 10
43844 410.3 10
43869 419.0 10
43899 412.5 10
43919 410.4 10
43968 413.2 10
43993 407.3 10
44017 400.8 10
44039 403.0 10
44067 409.7 10
44092 412.8 10
44118 405.0 10
44172 409.4 10
44199 406.5 10
44227 418.4 10
44255 413.9 10
44312 402.2 10
44341 412.4 10
44369 404.1 10
44394 412.3 10
44422 411.5 10
44454 412.3 10
44482 412.6 10
44550 438.5 10
44563 436.3 10
44619 458.7 10
44646 477.0 10
44700 481.4 10
44724 460.5 10
44751 443.6 10
44780 429.3 10
44808 430.9 10
44835 438.3 10
44863 453.6 10
44891 451.3 10
44919 451.8 10
44948 447.0 10
44977 453.6 10
45005 463.5 10
45034 460.5 10
45063 460.3 10
45093 449.7 10
45122 451.1 10
45152 462.4 10
45181 460.1 10
45210 449.0 10
45240 447.5 10
45306 461.6 10
45326 461.9 10
45355 472.0 10
45383 465.3 10
45411 464.4 10
45439 464.4 10
45468 468.1 10
45496 470.0 10
45524 463.8 10
45553 456.3 10
45582 473.6 10
45612 488.4 10
45641 481.7 10
45670 484.3 10
45698 496.3 10
45727 490.3 10
45771 477.7 10
45789 475.2 10
45813 486.9 10
45841 488.4 10
45870 494.8 10
45899 493.4 10
45927 502.3 10
45956 495.4 10
46039 502.6 10
46066 504.7 10
46093 508.3 10
46124 506.6 10
46147 508.1 10
46174 500.3 10
46201 495.0 10
46256 507.3 10
46311 500.5 10
46367 500.8 10
46424 492.5 10
46478 505.8 10
46534 497.2 10
46589 512.3 10
46645 510.6 10
46699 505.7 10
46751 508.0 10
46798 518.1 10
46850 524.8 10
46912 504.8 10
46944 535.2 10
46997 531.8 10
47045 513.6 10
47091 450.5 10
47138 441.9 10
47186 444.7 10
47235 447.0 10
47282 440.4 10
47331 442.7 10
47381 440.0 10
47430 442.8 10
47477 452.5 10
47531 438.6 10
47575 450.0 10
47624 443.4 10
47682 435.8 10
47722 439.9 10
47770 439.9 10
47819 436.4 10
47863 440.6 10
47910 445.7 10
47960 436.7 10
48005 445.3 10
48063 435.1 10
48110 435.7 10
48153 447.7 10
48205 448.5 10
48257 456.6 10
48315 451.1 10
48375 452.0 10
48434 401.7 10
48505 401.6 10
48572 404.9 10
48647 399.4 10
48716 419.8 10
48793 432.9 10
48875 421.0 10
48949 435.7 10
49027 428.7 10
49108 457.4 10
49179 466.9 10
49252 450.1 10
49322 429.0 10
49388 467.4 10
49471 472.6 10
49515 434.9 10
49577 427.1 10
49640 424.3 10
49702 418.0 10
49764 424.4 10
49825 433.6 10
49882 445.5 10
49937 462.9 10
49994 453.8 10
50051 466.9 10
50111 447.5 10
50172 450.6 10
50235 474.5 10
50296 468.8 10
50357 466.1 10
50417 467.0 10
50477 462.8 10
50540 468.5 10
50603 465.1 10
50667 468.0 10
50733 485.6 10
50818 476.4 10
50866 473.6 10
50932 487.1 10
50997 483.3 10
51063 492.7 10
51126 494.8 10
51192 511.2 10
51259 504.9 10
51337 535.1 10
51393 501.4 10
51461 490.6 10
51528 511.5 10
51599 530.6 10
51669 504.1 10
51738 518.5 10
51807 525.0 10
51878 528.1 10
51950 528.0 10
52024 522.5 10
52098 524.6 10
52170 530.4 10
52241 542.3 10
52311 530.0 10
52381 524.4 10
52454 527.0 10
52524 531.4 10
52598 526.8 10
52671 530.5 10
52745 533.7 10
52820 534.3 10
52893 536.5 10
52972 547.6 10
53036 549.5 10
53108 536.4 10
53179 541.7 10
53254 535.7 10
53327 535.5 10
53400 540.8 10
53474 541.9 10
53548 529.0 10
53624 545.8 10
53700 544.2 10
53774 538.4 10
53847 529.5 10
53922 533.5 10
53992 539.2 10
54061 538.9 10
54128 551.8 10
54193 479.7 10
54257 498.8 10
54323 555.7 10
54389 555.1 10
54455 548.0 10
54519 450.3 10
54583 433.7 10
54647 426.3 10
54712 428.7 10
54787 430.0 10
54846 430.0 10
54916 430.4 10
54991 434.2 10
55059 437.1 10
55133 444.2 10
55213 535.0 10
55302 448.3 10
55396 441.2 10
55504 454.2 10
55616 461.8 10
55730 518.6 10
55841 540.2 10
55949 558.6 10
56072 477.9 10
56165 452.6 10
56270 450.8 10
56321 449.6 10
56358 455.9 10
56404 452.9 10
56454 453.2 10
56504 453.1 10
56553 469.1 10
56602 474.7 10
56652 456.9 10
56702 461.1 10
56752 465.7 10
56803 482.6 10
56853 482.4 10
56904 500.7 10
57003 532.7 10
57053 554.9 10
57105 548.1 10
57154 546.7 10
57212 518.7 10
57267 535.1 10
57325 553.4 10
57378 553.8 10
57433 549.7 10
57490 536.2 10
57549 552.4 10
57609 555.1 10
57670 552.5 10
57732 548.3 10
57793 557.0 10
57855 541.5 10
57915 558.0 10
57975 582.5 10
58035 552.5 10
58157 580.5 10
58219 552.6 10
58278 499.7 10
58390 485.5 10
58441 507.2 10
58492 586.9 10
58543 532.3 10
58595 462.2 10
58651 459.0 10
58708 467.8 10
58767 471.1 10
58825 501.9 10
58911 555.7 10
58941 553.7 10
58997 595.7 10
59052 584.6 10
59105 569.0 10
59156 579.5 10
59255 608.1 10
59307 606.4 10
59380 503.9 10
59418 470.3 10
59473 474.0 10
59528 480.1 10
59582 528.7 10
59645 608.6 10
59687 601.4 10
59744 501.8 10
59803 437.7 10
59865 442.2 10
59927 438.3 10
59991 425.2 10
60058 424.1 10
60128 426.0 10
60201 431.1 10
60277 423.2 10
60354 422.4 10
60518 429.2 10
60607 413.5 10
60705 447.8 10
61086 424.9 10
61405 432.8 10
61632 416.9 10
61745 425.1 10
61861 419.8 10
61970 423.4 10
62083 426.7 10
62194 431.7 10
62304 434.2 10
62412 423.8 10
62623 412.2 10
62728 421.0 10
62835 421.7 10
62938 422.8 10
63129 416.4 10
63224 432.4 10
63313 442.9 10
63404 433.5 10
63494 431.4 10
63582 436.1 10
63669 433.8 10
63757 437.6 10
63846 455.5 10
63936 449.6 10
64030 454.1 10
64124 469.6 10
64218 512.4 10
64306 517.6 10
64472 438.9 10
64552 433.0 10
64631 429.8 10
64709 429.7 10
64787 424.0 10
64866 433.3 10
65038 438.3 10
65121 440.1 10
65308 456.6 10
65401 462.3 10
65687 451.5 10
65786 437.7 10
65873 448.2 10
65969 443.1 10
66077 442.1 10
66284 449.3 10
66486 460.8 10
66585 454.1 10
66686 454.8 10
66916 445.6 10
67145 442.8 10
