512.025400 531.935100
512.094167 543.294335
512.162933 546.714030
512.231700 544.825281
512.300466 542.164365
512.369233 537.245053
512.438000 536.003039
512.506766 534.861505
512.575533 533.073984
512.644299 534.536565
512.713066 538.764332
512.781833 551.752493
512.850599 555.462223
512.919366 558.001663
512.988132 559.033687
513.056899 560.851886
513.125666 549.235336
513.194432 547.642915
513.263199 544.361981
513.331965 543.740778
513.400732 546.933318
513.469499 548.194835
513.538265 548.251077
513.607032 556.222841
513.675798 558.866207
513.744565 557.518333
513.813332 557.629233
513.882098 555.273630
513.950865 550.498994
514.019631 546.978512
514.088398 540.455939
514.157165 539.844533
514.225931 542.016583
514.294698 543.756691
514.363464 544.664077
514.432231 547.268802
514.500998 546.760203
514.569764 551.098161
514.638531 549.861408
514.707297 555.504955
514.776064 554.751877
514.844831 555.905124
514.913597 555.824212
514.982364 558.385357
515.051130 561.024532
515.119897 568.325940
515.188664 573.126733
515.257430 565.305613
515.326197 568.991136
515.394963 558.748234
515.463730 556.078014
515.532497 559.967873
515.601263 556.409051
515.670030 550.929998
515.738796 552.158372
515.807563 553.759770
515.876330 561.197253
515.945096 561.158853
516.013863 560.582513
516.082629 563.263852
516.151396 566.268929
516.220163 566.824501
516.288929 565.608965
516.357696 562.388673
516.426462 557.804551
516.495229 559.627897
516.563996 562.612866
516.632762 562.088576
516.701529 557.356976
516.770295 557.422179
516.839062 560.662057
516.907829 565.032153
516.976595 563.037348
517.045362 558.545368
517.114128 557.986901
517.182895 557.402757
517.251662 554.195008
517.320428 551.562128
517.389195 551.411002
517.457961 549.442043
517.526728 551.805166
517.595495 556.244770
517.664261 557.573510
517.733028 560.467639
517.801794 560.130033
517.870561 567.173234
517.939328 561.422849
518.008094 562.527988
518.076861 558.476539
518.145627 560.700386
518.214394 557.188692
518.283161 546.590817
518.351927 546.727019
518.420694 550.494012
518.489460 541.854612
518.558227 539.826406
518.626994 542.589567
518.695760 543.352608
518.764527 550.315359
518.833293 548.092288
518.902060 551.774097
518.970827 550.981928
519.039593 557.180022
519.108360 552.543014
519.177126 550.568396
519.245893 549.653565
519.314660 543.876054
519.383426 548.843966
519.452193 543.184789
519.520959 540.272806
519.589726 547.698667
519.658493 552.730014
519.727259 554.455741
519.796026 560.842939
519.864792 560.959419
519.933559 557.401663
520.002326 555.650113
520.071092 557.218802
520.139859 562.954096
520.208625 559.654053
520.277392 556.980442
520.346159 552.578226
520.414925 550.201842
520.483692 546.721979
520.552458 552.581158
520.621225 553.968270
520.689992 568.050943
520.758758 571.298964
520.827525 571.111876
520.896291 570.312866
520.965058 568.338868
521.033825 563.701831
521.102591 562.909897
521.171358 557.390807
521.240124 545.936536
521.308891 547.715658
521.377658 546.202702
521.446424 545.388167
521.515191 549.851895
521.583957 549.449504
521.652724 554.156719
521.721491 556.878103
521.790257 559.033553
521.859024 554.288588
521.927790 554.380827
521.996557 554.473066
522.065324 554.565304
522.134090 554.657543
522.202857 554.749782
522.271623 560.352995
522.340390 553.097572
522.409157 556.382354
522.477923 565.616555
522.546690 560.944437
522.615456 560.874434
522.684223 558.419400
522.752990 552.695464
522.821756 555.073490
522.890523 559.467307
522.959289 553.637057
523.028056 550.604439
523.096823 548.561576
523.165589 548.134177
523.234356 548.906604
523.303122 546.752295
523.371889 548.566110
523.440656 546.533387
523.509422 553.657848
523.578189 557.628464
523.646955 557.952397
523.715722 552.677419
523.784489 555.067870
523.853255 550.835774
523.922022 555.344523
523.990788 552.699979
524.059555 555.223738
524.128322 553.794953
524.197088 556.445224
524.265855 561.438182
524.334621 560.684400
524.403388 566.204572
524.472155 569.606473
524.540921 572.296982
524.609688 567.484799
524.678454 569.348740
524.747221 560.071552
524.815988 565.313937
524.884754 565.876227
524.953521 539.399288
525.022287 524.762495
525.091054 519.619480
525.159821 521.844194
525.228587 509.071026
525.297354 496.044429
525.366120 524.234165
525.434887 554.127898
525.503654 561.287431
525.572420 562.380022
525.641187 572.556501
525.709953 572.182176
525.778720 559.027780
525.847487 562.391225
525.916253 566.105325
525.985020 581.924290
526.053786 569.803692
526.122553 574.262500
526.191320 563.909113
526.260086 572.141157
526.328853 571.945756
526.397619 582.557513
526.466386 601.303389
526.535153 597.702110
526.603919 597.318118
526.672686 599.724670
526.741452 606.065263
526.810219 611.625116
526.878986 591.083993
526.947752 607.821933
527.016519 615.287701
527.085285 604.718465
527.154052 604.198889
527.222819 604.495962
527.291585 605.378011
527.360352 597.903576
527.429118 618.800946
527.497885 616.731562
527.566652 614.016996
527.635418 606.510738
527.704185 600.800129
527.772951 596.479191
527.841718 610.598470
527.910485 603.134232
527.979251 606.069385
528.048018 621.186513
528.116784 624.975588
528.185551 621.422131
528.254318 617.013946
528.323084 612.810238
528.391851 603.329531
528.460617 585.158003
528.529384 590.621199
528.598151 583.792995
528.666917 585.668909
528.735684 585.693726
528.804450 588.867432
528.873217 596.325414
528.941984 592.555068
529.010750 595.812972
529.079517 604.488774
529.148283 602.414486
529.217050 608.746050
529.285817 590.457546
529.354583 588.627904
529.423350 595.189941
529.492116 609.651099
529.560883 613.140452
529.629650 605.572285
529.698416 608.673826
529.767183 611.405127
529.835949 611.536120
529.904716 613.415159
529.973483 615.265494
530.042249 616.583926
530.111016 621.020534
530.179782 617.778997
530.248549 614.156198
530.317316 604.583452
530.386082 609.538356
530.454849 610.270978
530.523615 610.532930
530.592382 610.122987
530.661149 622.323822
530.729915 610.228313
530.798682 616.065408
530.867448 619.912645
530.936215 617.263864
531.004982 628.268863
531.073748 622.338835
531.142515 610.564208
531.211281 618.708220
531.280048 623.865300
531.348815 613.923836
531.417581 604.517428
531.486348 606.701782
531.555114 610.830631
531.623881 609.086140
531.692648 595.479084
531.761414 612.951661
531.830181 626.408618
531.898947 620.993667
531.967714 625.353477
532.036481 635.061109
532.105247 630.475094
532.174014 625.319012
532.242780 634.959917
532.311547 623.387148
532.380314 623.973317
532.449080 626.390652
532.517847 620.950256
532.586613 627.964738
532.655380 624.516468
532.724147 620.135688
532.792913 621.498951
532.861680 628.313299
532.930446 626.558586
532.999213 617.298770
533.067980 613.718212
533.136746 612.173537
533.205513 612.828853
533.274279 604.684759
533.343046 608.654339
533.411813 596.785588
533.480579 601.803353
533.549346 609.944597
533.618112 604.119678
533.686879 609.780336
533.755646 616.812018
533.824412 614.545708
533.893179 609.171211
533.961945 608.970705
534.030712 621.062652
534.099479 621.569843
534.168245 622.077034
534.237012 622.584225
534.305778 632.115529
534.374545 627.018085
534.443312 616.019964
534.512078 618.942295
534.580845 602.070197
534.649611 582.988343
534.718378 569.977211
534.787145 595.701196
534.855911 600.010915
534.924678 624.262528
534.993444 623.504881
535.062211 647.796166
535.130978 662.943926
535.199744 685.914617
535.268511 662.141857
535.337277 627.176631
535.406044 593.787746
535.474811 526.447552
535.543577 478.386567
535.612344 438.801087
535.681110 435.967145
535.749877 440.450447
535.818644 442.356436
535.887410 435.283561
535.956177 430.362891
536.024943 439.189083
536.093710 432.959755
536.162477 426.667679
536.231243 428.015669
536.300010 430.863013
536.368776 421.209359
536.437543 428.112126
536.506310 431.144141
536.575076 444.036960
536.643843 428.036541
536.712609 414.251783
536.781376 420.487949
536.850143 435.737009
536.918909 423.438155
536.987676 418.650967
537.056442 423.902389
537.125209 422.781345
537.193976 416.798988
537.262742 414.575715
537.331509 413.005405
537.400275 413.700389
537.469042 412.311066
537.537809 427.428697
537.606575 428.388179
537.675342 418.749385
537.744108 420.814346
537.812875 413.327496
537.881642 413.621103
537.950408 409.444658
538.019175 416.028700
538.087941 414.996178
538.156708 441.252996
538.225475 455.225238
538.294241 519.973233
538.363008 549.454902
538.431774 591.331867
538.500541 595.002600
538.569308 577.337192
538.638074 564.821424
538.706841 547.134994
538.775607 535.692793
538.844374 544.022332
538.913141 569.445984
538.981907 590.393051
539.050674 585.166118
539.119440 642.966806
539.188207 601.833839
539.256974 599.386562
539.325740 591.453172
539.394507 603.615714
539.463273 571.451952
539.532040 551.608708
539.600807 581.760598
539.669573 577.985620
539.738340 588.269682
539.807106 597.734676
539.875873 579.731558
539.944640 575.570952
540.013406 583.374803
540.082173 566.342945
540.150939 549.311088
540.219706 520.003577
540.288473 509.612756
540.357239 543.434309
540.426006 581.471263
540.494772 560.077513
540.563539 564.098085
540.632306 546.366478
540.701072 552.408781
540.769839 542.715056
540.838605 546.624644
540.907372 560.014546
540.976139 548.104739
541.044905 545.111880
541.113672 532.134932
541.182438 511.338438
541.251205 448.036525
541.319972 430.162808
541.388738 428.404430
541.457505 429.439312
541.526271 427.349588
541.595038 425.272192
541.663805 421.329039
541.732571 432.013650
541.801338 415.314005
541.870104 409.025260
541.938871 411.550944
542.007638 421.077659
542.076404 416.462548
542.145171 419.070472
542.213937 415.683318
542.282704 405.873493
542.351471 397.886741
542.420237 402.913613
542.489004 402.895687
542.557770 397.245647
542.626537 401.815353
542.695304 409.648877
542.764070 419.245060
542.832837 415.436850
542.901603 389.070536
542.970370 395.706638
543.039137 393.663107
543.107903 387.907468
543.176670 385.882621
543.245436 386.857411
543.314203 388.151686
543.382970 374.655608
543.451736 375.293397
543.520503 375.849144
543.589269 375.929900
543.658036 360.699684
543.726803 360.630390
543.795569 367.694965
543.864336 360.876252
543.933102 354.587474
544.001869 354.000413
544.070636 349.256026
544.139402 339.455910
544.208169 342.108058
544.276935 341.557657
544.345702 343.085865
544.414469 340.575882
544.483235 336.560592
544.552002 334.790611
544.620768 341.739686
544.689535 336.312240
544.758302 336.128775
544.827068 335.979893
544.895835 335.235884
544.964601 336.500884
545.033368 336.417611
545.102135 333.708274
545.170901 338.076123
545.239668 336.524006
545.308434 342.141465
545.377201 339.596649
545.445968 336.023028
545.514734 330.476629
545.583501 332.290292
545.652267 332.949112
545.721034 330.968424
545.789801 328.957556
545.858567 332.587732
545.927334 333.336449
545.996100 325.205464
546.064867 327.141442
546.133634 330.391871
546.202400 331.911065
546.271167 330.481274
546.339933 336.730470
546.408700 334.603744
546.477467 332.477019
546.546233 326.794211
546.615000 327.307995
546.683766 324.250611
546.752533 325.237793
546.821300 324.806593
546.890066 325.816866
546.958833 320.355601
547.027599 324.765161
547.096366 325.961615
547.165133 323.299086
547.233899 323.696194
547.302666 324.093303
547.371432 324.817485
547.440199 328.374392
547.508966 328.262110
547.577732 330.866843
547.646499 334.609708
547.715265 335.161013
547.784032 332.913199
547.852799 347.958666
547.921565 343.631384
547.990332 345.072940
548.059098 346.514496
548.127865 359.567357
548.196632 359.193071
548.265398 349.281288
548.334165 350.199960
548.402931 346.624158
548.471698 356.408410
548.540465 351.403068
548.609231 357.396978
548.677998 352.955480
548.746764 350.908206
548.815531 350.904564
548.884298 335.700923
548.953064 325.196651
549.021831 320.443618
549.090597 322.573974
549.159364 325.624469
549.228131 329.463123
549.296897 335.937327
549.365664 331.692742
549.434430 330.006477
549.503197 332.588467
549.571964 337.554441
549.640730 344.515501
549.709497 338.861108
549.778263 331.940919
549.847030 324.958973
549.915797 335.619979
549.984563 331.604868
550.053330 329.654804
550.122096 335.101998
550.190863 322.085120
550.259630 327.204592
550.328396 320.122817
550.397163 325.562396
550.465929 325.377156
550.534696 325.712821
550.603463 325.405262
550.672229 331.003603
550.740996 329.584273
550.809762 325.596328
550.878529 324.604598
550.947296 328.324168
551.016062 333.971937
551.084829 341.107529
551.153595 334.333501
551.222362 340.705746
551.291129 342.390577
551.359895 344.444917
551.428662 348.681718
551.497428 341.443727
551.566195 340.685538
551.634962 346.085263
551.703728 360.703124
551.772495 383.661581
551.841261 407.114587
551.910028 404.713305
551.978795 365.819038
552.047561 344.839862
552.116328 337.102908
552.185094 333.007629
552.253861 331.176053
552.322628 333.671443
552.391394 339.888963
552.460161 345.213375
552.528927 348.858520
552.597694 355.698064
552.666461 353.915202
552.735227 360.535714
552.803994 380.219585
552.872760 403.398301
552.941527 418.592445
553.010294 432.369652
553.079060 431.971350
553.147827 369.306926
553.216593 353.472210
553.285360 355.871490
553.354127 350.635468
553.422893 345.121901
553.491660 348.518061
553.560426 342.908276
553.629193 345.897238
553.697960 348.649328
553.766726 347.968208
553.835493 354.863333
553.904259 357.906384
553.973026 353.968581
554.041793 353.130117
554.110559 351.940217
554.179326 354.013388
554.248092 349.572225
554.316859 358.406731
554.385626 360.370844
554.454392 350.610026
554.523159 343.507396
554.591925 355.015603
554.660692 359.168833
554.729459 374.539932
554.798225 377.933644
554.866992 353.452484
554.935758 355.351725
555.004525 348.806125
555.073292 350.826925
555.142058 353.587633
555.210825 353.496179
555.279591 347.947679
555.348358 358.965887
555.417125 364.052747
555.485891 368.633120
555.554658 372.972565
555.623424 355.363477
555.692191 363.610338
555.760958 361.395408
555.829724 365.070129
555.898491 376.901460
555.967257 372.542788
556.036024 378.450473
556.104791 393.755103
556.173557 410.455595
556.242324 421.910833
556.311090 439.231972
556.379857 447.936484
556.448624 447.593608
556.517390 449.360180
556.586157 447.958036
556.654923 399.123808
556.723690 369.796997
556.792457 355.452170
556.861223 352.144038
556.929990 361.878415
556.998756 361.549451
557.067523 361.548536
557.136290 366.876023
557.205056 366.862456
557.273823 369.898402
557.342589 373.914118
557.411356 377.479552
557.480123 379.046504
557.548889 384.607276
557.617656 406.205953
557.686422 423.290911
557.755189 444.349185
557.823956 437.726672
557.892722 454.721439
557.961489 436.197209
558.030255 373.499117
558.099022 376.948179
558.167789 376.808611
558.236555 376.791592
558.305322 376.538382
558.374088 378.064097
558.442855 378.453272
558.511622 388.885297
558.580388 402.262216
558.649155 404.367559
558.717921 398.919329
558.786688 420.598341
558.855455 459.273562
558.924221 470.920124
558.992988 472.402646
559.061754 475.304413
559.130521 481.495003
559.199288 484.666724
559.268054 486.396042
559.336821 470.889236
559.405587 493.763382
559.474354 501.578455
559.543121 465.298030
559.611887 396.526554
559.680654 379.340327
559.749420 377.332112
559.818187 376.006483
559.886954 384.965740
559.955720 386.884433
560.024487 389.603769
560.093253 387.247981
560.162020 377.072943
560.230787 388.130310
560.299553 379.486221
560.368320 383.375644
560.437086 381.818338
560.505853 386.721957
560.574620 394.731156
560.643386 398.407711
560.712153 396.588118
560.780919 415.223072
560.849686 421.580458
560.918453 460.554723
560.987219 465.245622
561.055986 456.368857
561.124752 439.660438
561.193519 461.851375
561.262286 477.127557
561.331052 507.750039
561.399819 513.986217
561.468585 502.592918
561.537352 500.510461
561.606119 501.826960
561.674885 485.909174
561.743652 497.481532
561.812418 500.197954
561.881185 503.360123
561.949952 493.391454
562.018718 495.089560
562.087485 495.114459
562.156251 517.660706
562.225018 510.284576
562.293785 475.314856
562.362551 401.054582
562.431318 396.673237
562.500084 391.688306
562.568851 388.396219
562.637618 385.516768
562.706384 397.851164
562.775151 392.354045
562.843917 390.898680
562.912684 390.748223
562.981451 393.295113
563.050217 386.427695
563.118984 396.692555
563.187750 396.839677
563.256517 391.270355
563.325284 390.123117
563.394050 391.900982
563.462817 386.617925
563.531583 393.722314
563.600350 385.390250
563.669117 404.280247
563.737883 405.053073
563.806650 366.988839
563.875416 370.637240
563.944183 364.127193
564.012950 368.047506
564.081716 369.425738
564.150483 364.043194
564.219249 368.044541
564.288016 370.342954
564.356783 370.433445
564.425549 374.063520
564.494316 417.502966
564.563082 429.851017
564.631849 396.269116
564.700616 374.521658
564.769382 370.640040
564.838149 370.053753
564.906915 362.996157
564.975682 361.776104
565.044449 362.443813
565.113215 377.112616
565.181982 371.260901
565.250748 374.319182
565.319515 374.553514
565.388282 378.915754
565.457048 380.936803
565.525815 387.972138
565.594581 390.998932
565.663348 397.525206
565.732115 400.760206
565.800881 427.614837
565.869648 434.524510
565.938414 434.092354
566.007181 408.932618
566.075948 421.661146
566.144714 433.725100
566.213481 425.504930
566.282247 435.895357
566.351014 443.445069
566.419781 427.690632
566.488547 381.340538
566.557314 365.008101
566.626080 360.381202
566.694847 362.091792
566.763614 362.635545
566.832380 367.070019
566.901147 365.700836
566.969913 363.715365
567.038680 361.766140
567.107447 370.078764
567.176213 367.694316
567.244980 372.160822
567.313746 368.689859
567.382513 365.871046
567.451280 359.813185
567.520046 373.717752
567.588813 378.484131
567.657579 382.449985
567.726346 393.467444
567.795113 396.631244
567.863879 406.828211
567.932646 408.133379
568.001412 401.684570
568.070179 412.482812
568.138946 415.231077
568.207712 421.023236
568.276479 429.200750
568.345245 421.068093
568.414012 446.757413
568.482779 451.944735
568.551545 440.836994
568.620312 438.409347
568.689078 434.929653
568.757845 429.821123
568.826612 436.826198
568.895378 434.304924
568.964145 438.459036
569.032911 440.982638
569.101678 448.123700
569.170445 454.434343
569.239211 434.119716
569.307978 381.191480
569.376744 374.708691
569.445511 373.612657
569.514278 371.687359
569.583044 365.372568
569.651811 366.982344
569.720577 366.341045
569.789344 369.560437
569.858111 377.132640
569.926877 368.224202
569.995644 370.085617
570.064410 374.247360
570.133177 362.911593
570.201944 375.863660
570.270710 371.928025
570.339477 371.576828
570.408243 376.630807
570.477010 377.740828
570.545777 378.078780
570.614543 372.138306
570.683310 368.907821
570.752076 376.302196
570.820843 374.524789
570.889610 382.346812
570.958376 391.871236
571.027143 416.475667
571.095909 425.427636
571.164676 434.426301
571.233443 424.094875
571.302209 405.109259
571.370976 389.791544
571.439742 401.842737
571.508509 416.623714
571.577276 410.104164
571.646042 415.540630
571.714809 419.318407
571.783575 418.441814
571.852342 404.400294
571.921109 432.862588
571.989875 424.130783
572.058642 416.257247
572.127408 421.271127
572.196175 418.009772
572.264942 435.464788
572.333708 422.613627
572.402475 429.577643
572.471241 421.163577
572.540008 433.438862
572.608775 441.184162
572.677541 450.645971
572.746308 447.809858
572.815074 434.029004
572.883841 434.661980
572.952608 441.742415
573.021374 456.688139
573.090141 457.063915
573.158907 455.858981
573.227674 454.889203
573.296441 455.320417
573.365207 454.314581
573.433974 450.480521
573.502740 457.504734
573.571507 462.808962
573.640274 452.934033
573.709040 450.965720
573.777807 464.088999
573.846573 456.104813
573.915340 448.975660
573.984107 458.627141
574.052873 462.832051
574.121640 452.799786
574.190406 458.595180
574.259173 466.785783
574.327940 466.305376
574.396706 462.999260
574.465473 477.544587
574.534239 483.070361
574.603006 468.412900
574.671773 409.802009
574.740539 402.610428
574.809306 397.176842
574.878072 399.720034
574.946839 398.613095
575.015606 402.712513
575.084372 405.083683
575.153139 406.383758
575.221905 405.423873
575.290672 405.135710
575.359439 404.847547
575.428205 400.691704
575.496972 402.532852
575.565738 405.834300
575.634505 401.420243
575.703272 398.207729
575.772038 397.942257
575.840805 394.909538
575.909571 404.206986
575.978338 400.627515
576.047105 403.185246
576.115871 400.238562
576.184638 405.637474
576.253404 401.193942
576.322171 399.329098
576.390938 406.705799
576.459704 400.567649
576.528471 414.506654
576.597237 413.835690
576.666004 407.697082
576.734771 385.280994
576.803537 384.627816
576.872304 368.777673
576.941070 368.427927
577.009837 369.976178
577.078604 368.705987
577.147370 379.436759
577.216137 392.140072
577.284903 392.165988
577.353670 392.096500
577.422437 394.535726
577.491203 397.726653
577.559970 417.256457
577.628736 432.340224
577.697503 408.252970
577.766270 405.438629
577.835036 409.261754
577.903803 421.863886
577.972569 435.338508
578.041336 426.266675
578.110103 395.341113
578.178869 388.265190
578.247636 391.471833
578.316402 389.571116
578.385169 382.087593
578.453936 385.507698
578.522702 384.124841
578.591469 398.475627
578.660235 405.524983
578.729002 405.626749
578.797769 412.139933
578.866535 417.958364
578.935302 427.304258
579.004068 408.420165
579.072835 413.427645
579.141602 414.908682
579.210368 415.000987
579.279135 410.731362
579.347901 413.314875
579.416668 421.270485
579.485435 420.791252
579.554201 432.585015
579.622968 441.861775
579.691734 432.879239
579.760501 432.517338
579.829268 432.096185
579.898034 432.022510
579.966801 433.229061
580.035567 439.580424
580.104334 433.971350
580.173101 437.458683
580.241867 419.841420
580.310634 429.442945
580.379400 418.794036
580.448167 429.421087
580.516934 429.264742
580.585700 434.131263
580.654467 432.353786
580.723233 434.592259
