3.200 	0.455 
4.000 	0.514 
4.800 	0.519 
5.600 	0.536 
6.400 	0.545 
7.205 	0.557 
8.000 	0.570 
8.800 	0.568 
9.600 	0.585 
10.400 	0.592 
11.200 	0.603 
12.000 	0.607 
12.800 	0.611 
13.600 	0.616 
14.400 	0.622 
15.200 	0.633 
16.000 	0.624 
16.800 	0.633 
17.600 	0.644 
18.400 	0.644 
19.200 	0.658 
20.000 	0.655 
20.800 	0.666 
21.600 	0.664 
22.400 	0.668 
23.200 	0.682 
24.000 	0.670 
24.800 	0.682 
25.600 	0.686 
26.400 	0.683 
27.200 	0.694 
28.000 	0.702 
28.800 	0.702 
29.600 	0.707 
30.400 	0.704 
31.200 	0.713 
32.000 	0.711 
32.800 	0.713 
33.600 	0.714 
34.400 	0.734 
35.200 	0.726 
36.000 	0.736 
36.800 	0.736 
37.600 	0.738 
38.400 	0.748 
39.200 	0.744 
40.000 	0.749 
40.807 	0.756 
41.600 	0.750 
42.400 	0.761 
43.200 	0.748 
44.000 	0.773 
44.800 	0.764 
45.600 	0.772 
46.400 	0.769 
47.200 	0.773 
48.000 	0.780 
48.800 	0.784 
49.600 	0.785 
50.400 	0.791 
51.200 	0.792 
52.000 	0.801 
52.800 	0.807 
53.600 	0.815 
54.400 	0.813 
55.200 	0.800 
56.000 	0.818 
56.800 	0.824 
57.600 	0.822 
58.400 	0.833 
59.200 	0.828 
60.000 	0.839 
60.800 	0.839 
61.600 	0.851 
62.400 	0.839 
63.200 	0.846 
64.000 	0.841 
64.800 	0.854 
65.590 	0.857 
66.400 	0.862 
67.200 	0.859 
68.000 	0.868 
68.800 	0.861 
69.600 	0.879 
70.400 	0.882 
71.200 	0.877 
72.000 	0.882 
72.800 	0.878 
73.600 	0.890 
74.400 	0.891 
75.200 	0.893 
76.000 	0.890 
76.800 	0.897 
77.600 	0.904 
78.400 	0.904 
79.200 	0.912 
80.000 	0.905 
80.800 	0.913 
81.600 	0.923 
82.400 	0.917 
83.200 	0.920 
84.000 	0.922 
84.800 	0.929 
85.600 	0.935 
86.400 	0.930 
87.200 	0.931 
88.000 	0.928 
88.800 	0.931 
89.600 	0.935 
90.375 	0.946 
91.200 	0.941 
92.000 	0.934 
92.800 	0.927 
93.585 	0.947 
94.390 	0.935 
95.195 	0.937 
96.000 	0.942 
96.800 	0.931 
97.600 	0.969 
98.400 	0.924 
99.200 	0.937 
100.000 	0.958 
100.800 	0.952 
101.600 	0.950 
102.400 	0.957 
103.200 	0.955 
104.000 	0.966 
104.800 	0.956 
105.600 	0.956 
106.400 	0.938 
107.200 	0.961 
108.000 	0.953 
108.800 	0.963 
109.607 	0.965 
110.400 	0.942 
111.200 	0.963 
112.000 	0.953 
112.800 	0.960 
113.600 	0.967 
114.400 	0.949 
115.197 	0.958 
116.000 	0.969 
116.800 	0.967 
117.600 	0.978 
118.400 	0.965 
119.200 	0.969 
120.000 	0.978 
120.800 	0.974 
121.600 	0.942 
122.400 	0.958 
123.200 	0.966 
124.000 	0.971 
124.800 	0.978 
125.600 	0.977 
126.400 	0.963 
127.200 	0.978 
128.000 	0.969 
128.800 	0.971 
129.600 	0.984 
130.400 	0.978 
131.200 	0.980 
132.000 	0.972 
132.800 	0.970 
133.600 	0.971 
134.400 	0.973 
135.200 	0.949 
136.000 	0.976 
136.765 	0.985 
138.375 	0.961 
139.200 	0.989 
140.000 	0.975 
140.800 	0.977 
141.600 	0.976 
142.400 	0.972 
143.200 	0.976 
144.000 	0.978 
144.800 	0.985 
145.600 	0.969 
146.400 	0.976 
147.200 	0.981 
148.000 	0.975 
148.800 	0.974 
149.600 	0.975 
150.400 	0.981 
151.200 	0.969 
152.000 	0.952 
152.800 	0.977 
153.600 	0.967 
154.400 	0.976 
155.195 	0.989 
156.000 	0.974 
156.800 	0.972 
157.633 	0.978 
158.400 	0.975 
160.000 	0.978 
161.600 	0.989 
162.400 	0.993 
163.200 	0.979 
164.000 	0.988 
164.820 	0.974 
165.600 	0.972 
166.400 	0.973 
167.200 	0.965 
168.000 	0.986 
168.800 	0.975 
169.600 	0.975 
170.400 	0.979 
171.200 	0.983 
172.000 	0.968 
172.800 	0.959 
173.600 	0.986 
174.400 	0.979 
175.240 	0.940 
176.000 	0.974 
176.800 	0.967 
177.600 	0.981 
178.410 	0.980 
180.000 	0.983 
180.800 	0.982 
181.600 	0.985 
182.400 	0.983 
183.200 	0.987 
184.000 	0.981 
184.800 	0.972 
185.600 	0.981 
186.400 	0.980 
187.200 	0.978 
188.000 	0.984 
188.800 	0.981 
189.600 	0.985 
190.400 	0.978 
191.200 	0.980 
192.000 	0.978 
192.800 	0.986 
193.600 	0.972 
194.400 	0.946 
195.200 	0.981 
196.000 	0.966 
196.800 	0.981 
197.600 	0.980 
198.400 	0.986 
199.200 	0.987 
209.600 	0.956 
210.400 	0.979 
211.200 	0.977 
212.000 	0.960 
212.800 	0.933 
213.605 	0.950 
214.400 	0.987 
215.200 	0.985 
215.982 	0.988 
216.800 	0.992 
217.600 	0.983 
218.400 	0.983 
219.200 	0.976 
220.000 	0.963 
220.785 	0.968 
221.600 	0.982 
222.400 	0.986 
223.205 	0.989 
224.000 	0.983 
224.800 	0.989 
225.600 	0.979 
226.400 	0.984 
227.200 	0.987 
228.000 	0.982 
228.800 	0.988 
229.600 	0.966 
230.405 	0.996 
231.200 	0.979 
232.000 	0.975 
232.800 	0.992 
233.600 	0.975 
234.400 	0.896 
235.200 	0.989 
236.000 	0.991 
236.800 	0.992 
237.600 	0.989 
238.400 	0.986 
239.200 	0.974 
240.000 	0.985 
241.600 	0.987 
242.400 	0.989 
243.200 	0.983 
244.000 	0.956 
244.800 	0.988 
245.600 	0.977 
246.400 	0.979 
247.200 	0.975 
253.600 	0.993 
258.400 	0.966 
261.600 	0.990 
262.400 	0.990 
263.200 	0.979 
264.030 	0.993 
264.800 	0.993 
265.600 	0.982 
266.400 	0.986 
267.200 	0.984 
268.000 	0.962 
301.600 	1.000 
304.000 	0.995 
308.000 	0.982 
312.000 	0.989 
313.600 	0.989 
314.400 	0.989 
315.235 	0.998 
316.000 	0.979 
317.600 	0.986 
319.200 	0.989 
320.800 	0.989 
324.800 	0.977 
327.970 	0.984 
328.800 	0.995 
340.000 	0.984 
340.800 	0.984 
341.600 	0.984 
342.400 	0.994 
343.980 	0.993 
344.800 	0.999 
345.600 	0.988 
346.400 	0.992 
347.170 	0.987 
348.000 	0.975 
348.800 	0.989 
349.600 	0.986 
350.400 	0.993 
351.200 	0.981 
351.965 	0.984 
353.600 	0.991 
354.400 	0.988 
355.200 	0.977 
356.000 	0.976 
356.800 	0.987 
357.600 	0.986 
358.400 	0.983 
359.200 	0.989 
360.000 	0.977 
360.800 	0.994 
361.600 	0.993 
362.400 	0.988 
363.200 	0.995 
364.795 	0.981 
365.600 	0.987 
366.400 	0.980 
367.200 	0.991 
368.000 	0.987 
368.800 	0.985 
371.200 	0.998 
373.600 	0.997 
376.000 	0.994 
378.400 	0.990 
380.800 	0.991 
382.400 	0.984 
384.000 	1.000 
385.600 	0.987 
386.400 	0.980 
388.000 	0.986 
388.800 	0.985 
389.600 	0.986 
390.400 	0.988 
391.200 	0.993 
392.000 	0.986 
392.800 	0.990 
393.600 	0.991 
394.400 	1.000 
395.200 	0.993 
396.000 	0.993 
396.800 	0.991 
397.620 	0.998 
398.380 	0.984 
399.200 	0.995 
400.000 	0.986 
400.800 	0.991 
401.600 	0.996 
402.400 	0.991 
404.800 	0.909 
405.570 	0.985 
406.400 	0.999 
407.200 	0.987 
408.000 	0.989 
408.800 	0.996 
409.620 	0.985 
410.400 	0.999 
411.220 	0.988 
412.000 	0.996 
412.800 	0.989 
413.625 	0.995 
414.400 	0.985 
415.200 	0.995 
416.000 	0.989 
416.800 	0.993 
417.585 	0.991 
418.400 	0.989 
419.200 	0.992 
420.015 	0.990 
420.800 	0.989 
421.600 	0.996 
422.400 	0.983 
423.240 	0.997 
424.000 	0.990 
424.800 	0.989 
425.600 	0.995 
426.400 	0.995 
427.200 	0.987 
428.000 	0.989 
428.800 	0.989 
429.600 	0.986 
431.200 	0.984 
432.000 	0.996 
432.800 	0.992 
433.600 	0.991 
434.400 	0.996 
435.200 	0.991 
436.000 	0.991 
436.800 	0.986 
437.600 	0.987 
438.400 	0.995 
439.200 	0.986 
440.000 	0.994 
440.800 	0.980 
441.600 	0.989 
442.400 	0.996 
443.200 	0.992 
444.000 	0.989 
444.800 	0.991 
460.000 	0.986 
460.795 	0.994 
461.600 	0.992 
462.400 	0.991 
463.200 	0.982 
464.000 	0.995 
464.800 	0.966 
465.600 	0.994 
466.400 	0.991 
467.205 	0.989 
468.000 	0.993 
468.800 	0.993 
470.410 	0.993 
471.200 	0.991 
472.000 	0.987 
472.800 	0.993 
473.600 	0.982 
476.000 	0.975 
476.800 	0.989 
477.600 	0.985 
478.400 	0.988 
479.200 	0.990 
480.000 	0.991 
481.600 	0.992 
482.400 	0.990 
483.200 	0.989 
484.000 	0.991 
484.800 	0.988 
485.600 	0.987 
486.400 	0.994 
487.200 	0.983 
487.990 	0.993 
488.800 	0.993 
489.600 	0.986 
490.400 	0.995 
492.000 	1.010 
492.800 	0.983 
493.600 	0.983 
494.400 	0.993 
495.200 	0.988 
496.000 	0.981 
496.800 	0.992 
498.400 	0.989 
499.200 	0.991 
500.800 	0.985 
501.600 	0.981 
502.375 	1.014 
503.200 	0.959 
504.000 	0.976 
504.800 	0.976 
505.600 	0.990 
506.400 	0.993 
507.200 	0.986 
508.000 	0.995 
508.800 	0.992 
509.600 	0.987 
510.400 	0.994 
516.800 	0.995 
517.600 	0.980 
518.400 	0.994 
519.200 	0.991 
520.000 	0.985 
520.800 	0.975 
523.200 	0.993 
536.800 	0.987 
537.580 	1.002 
539.200 	0.988 
540.000 	0.992 
540.800 	0.991 
544.800 	0.975 
545.600 	0.991 
546.400 	0.990 
547.200 	0.987 
548.800 	0.993 
549.600 	0.993 
550.400 	0.979 
551.200 	0.996 
552.000 	0.991 
552.800 	0.988 
553	1
