2.5	-217.4
2.6	-254.85
2.7	-277.5125
2.8	-278.2375
2.9	-265.96875
3	-243.9875
3.1	-214.98125
3.2	-205.425
3.3	-221.8875
3.4	-248.6
3.5	-266.55
3.6	-281.8125
3.7	-290.34375
3.8	-297.4375
3.9	-270.16875
4	-235.85
4.1	-215.16875
4.2	-231.2125
4.3	-248.15625
4.4	-253.2
4.5	-268.65
4.6	-246.6125
4.7	-206.5375
4.8	-190.325
4.9	-199.15
5	-214.3875
5.1	-227.7375
5.2	-259.425
5.3	-297.05625
5.4	-294.625
5.5	-278.06875
5.6	-257.1125
5.7	-221.23125
5.8	-202.15
5.9	-199.10625
6	-216.5875
6.1	-231.6
6.2	-262.825
6.3	-283.0875
6.4	-270.8375
6.5	-256.8875
6.6	-238.375
6.7	-239.225
6.8	-260.1375
6.9	-294.2625
7	-288.5
7.1	-281.75
7.2	-271.9875
7.3	-249.1875
7.4	-242.125
7.5	-245.4875
7.6	-258.6375
7.7	-274.275
7.8	-274.4375
7.9	-237.425
8	-222.4
8.1	-208.9875
8.2	-204.125
8.3	-204.125
8.4	-210.875
8.5	-229.975
8.6	-265.625
8.7	-275.0625
8.8	-262.8625
8.9	-239.925
9	-214.4375
9.1	-187.675
9.2	-182.8
9.3	-196.7625
9.4	-221.7125
9.5	-257.7625
9.6	-275.4875
9.7	-281.4125
9.8	-271.54375
9.9	-240.6875
10	-214.4125
10.1	-204.625
10.2	-228.54375
10.3	-258.31875
10.4	-259.25625
10.5	-254.93125
10.6	-243.46875
10.7	-222.78125
10.8	-215.51875
10.9	-225.40625
11	-230.90625
11.1	-229.38125
11.2	-241.01875
11.3	-257.51875
11.4	-257.7375
11.5	-244.78125
11.6	-216.89375
11.7	-194.3125
11.8	-194.93125
11.9	-198.275
12	-208.6125
12.1	-233.725
12.2	-259.56875
12.3	-279.35
12.4	-272.625
12.5	-254.70625
12.6	-241.625
12.7	-237.3
12.8	-254.125
12.9	-266.88125
13	-251.25
13.1	-217.48125
13.2	-211.625
13.3	-234.29375
13.4	-268.475
13.5	-257.31875
13.6	-265.95625
13.7	-281.4625
13.8	-260.46875
13.9	-236.16875
14	-219.575
14.1	-220.4125
14.2	-245.53125
14.3	-267.60625
14.4	-272.2375
14.5	-263.875
14.6	-243.74375
14.7	-225.5
14.8	-238.7375
14.9	-261.88125
15	-271.8375
15.1	-265.14375
15.2	-246.51875
15.3	-220.475
15.4	-217.625
15.5	-242.19375
15.6	-260.9375
15.7	-267.475
15.8	-271.89375
15.9	-252.58125
16	-230.2625
16.1	-234.8625
16.2	-242.09375
16.3	-249.01875
16.4	-236.2125
16.5	-222.84375
16.6	-220.38125
16.7	-238.475
16.8	-269.01875
16.9	-284.8541667
17	-277.71875
17.1	-251.5958333
17.2	-226.44375
17.3	-215.5583333
17.4	-224.20625
17.5	-251.6416667
17.6	-281.91875
17.7	-283
17.8	-270.45625
17.9	-252.1208333
18	-235.85
18.1	-237.6125
18.2	-252.69375
18.3	-264.5166667
18.4	-274.775
18.5	-284.6125
18.6	-285.9875
18.7	-261.3375
18.8	-232.31875
18.9	-225.1458333
19	-233.15
19.1	-244.6916667
19.2	-260.40625
19.3	-259.6416667
19.4	-238.83125
19.5	-215.6708333
19.6	-223.2375
19.7	-247.0333333
19.8	-259.83125
19.9	-263.6875
20	-255.89375
20.1	-245.775
20.2	-219.7375
20.3	-191.4416667
20.4	-186.4875
20.5	-202.8125
20.6	-235.50625
20.7	-271.6916667
20.8	-253.36875
20.9	-204.6833333
21	-195.54375
21.1	-203.075
21.2	-224.21875
21.3	-252.9375
21.4	-266.70625
21.5	-269.8875
21.6	-256.51875
21.7	-230.3041667
21.8	-213.7375
21.9	-217.7458333
22	-245.15
22.1	-279.1875
22.2	-287.7375
22.3	-285.8541667
22.4	-276.725
22.5	-255.975
22.6	-237.1375
22.7	-232.1666667
22.8	-253.675
22.9	-274.725
23	-287.6625
23.1	-280.9625
23.2	-260.18125
23.3	-247.6916667
23.4	-263.9875
23.5	-281.2541667
23.6	-275.43125
23.7	-256.5833333
23.8	-237.73125
23.9	-244.1229167
24	-262.2625
24.1	-265.5625
24.2	-248.1875
24.3	-218.825
24.4	-194.1
24.5	-183.18125
24.6	-194.5
24.7	-220.55
24.8	-248.54375
24.9	-248.24375
25	-239.13125
25.1	-246.4125
25.2	-260.51875
25.3	-267.84375
25.4	-266.9375
25.5	-251.94375
25.6	-229.34375
25.7	-227.34375
25.8	-250.26875
25.9	-278.40625
26	-283.14375
26.1	-266.85
26.2	-262.21875
26.3	-267.25625
26.4	-272.78125
26.5	-258.5
26.6	-224.2625
26.7	-206.75
26.8	-228.79375
26.9	-266.24375
27	-273.8875
27.1	-256.4625
27.2	-247.325
27.3	-250.08125
27.4	-243.5875
27.5	-226.89375
27.6	-215.28125
27.7	-228.4375
27.8	-256.98125
27.9	-265.8625
28	-252.9
28.1	-242.00625
28.2	-255.54375
28.3	-263.075
28.4	-263.95625
28.5	-266.9625
28.6	-261.05625
28.7	-248.0375
28.8	-242.675
28.9	-265.49375
29	-271.63125
29.1	-266.96875
29.2	-260.29375
29.3	-269.05625
29.4	-271.2
29.5	-261.51875
29.6	-249.35625
29.7	-235.3375
29.8	-232.53125
29.9	-250.6625
30	-274.01875
30.1	-281.3125
30.2	-262.8
30.3	-235.70625
30.4	-235.775
30.5	-262.4875
30.6	-278.59375
30.7	-261.975
30.8	-235.88125
30.9	-234.5875
31	-258.4625
31.1	-274.9145833
31.2	-270.25
31.3	-268.3125
31.4	-265.44375
31.5	-259.5333333
31.6	-250.83125
31.7	-264.2916667
31.8	-287.88125
31.9	-289.975
32	-260.35625
32.1	-238.0708333
32.2	-249.39375
32.3	-264.0166667
32.4	-256.53125
32.5	-234.5083333
32.6	-208.9625
32.7	-200.4583333
32.8	-217.88125
32.9	-250.0708333
33	-268.59375
33.1	-261.7958333
33.2	-236.66875
33.3	-224.6833333
33.4	-241.73125
33.5	-260.8125
33.6	-266.15625
33.7	-262.6333333
33.8	-260.35625
33.9	-268.6541667
34	-272.925
34.1	-271.4875
34.2	-266.66875
34.3	-240.1083333
34.4	-216.275
34.5	-230.4875
34.6	-258.00625
34.7	-265.2375
34.8	-251.3375
34.9	-239.5166667
35	-245.525
35.1	-259.5
35.2	-265.775
35.3	-269.6375
35.4	-259.54375
35.5	-236.2291667
35.6	-232.33125
35.7	-256.3958333
35.8	-268.4
35.9	-249.5458333
36	-241.45
36.1	-261.7958333
36.2	-268.325
36.3	-244.9708333
36.4	-229.46875
36.5	-247.0375
36.6	-276.725
36.7	-289.45
36.8	-275.1
36.9	-250.4625
37	-231.1875
37.1	-219.5208333
37.2	-231.49375
37.3	-258.35
37.4	-270.9125
37.5	-264.8833333
37.6	-247.54375
37.7	-228
37.8	-236.5375
37.9	-254.75
38	-264.725
38.1	-271.3625
38.2	-258.61875
38.3	-245.575
38.4	-249.53125
38.5	-263.375
38.6	-247.25625
38.7	-217.8333333
38.8	-218.29375
38.9	-244.8458333
39	-267.33125
39.1	-265.0333333
39.2	-262.41875
39.3	-266.9708333
39.4	-271.49375
39.5	-279.3875
39.6	-272.675
39.7	-265.7791667
39.8	-271.7625
39.9	-269.0666667
40	-250.91875
40.1	-244.1666667
40.2	-259.3875
40.3	-269.0458333
40.4	-255.3625
40.5	-242.35625
40.6	-245.3229167
40.7	-257.4375
40.8	-247.5375
40.9	-234.1479167
41	-256.7145833
41.1	-274.3291667
41.2	-271.10625
41.3	-271.3333333
41.4	-276.5625
41.5	-275.3520833
41.6	-264.08125
41.7	-241.9854167
41.8	-218.6125
41.9	-207.8083333
42	-230.0375
42.1	-261.3958333
42.2	-265.475
42.3	-249.4125
42.4	-229.46875
42.5	-220.0791667
42.6	-228.325
42.7	-223.1041667
42.8	-217.48125
42.9	-233.2875
43	-251.7125
43.1	-248.3708333
43.2	-257.45
43.3	-278.1625
43.4	-281.1125
43.5	-265.4583333
43.6	-245.15625
43.7	-247.6833333
43.8	-257.69375
43.9	-244.8208333
44	-230.9625
44.1	-242.9916667
44.2	-239.65625
44.3	-240.3083333
44.4	-250.1
44.5	-255.75
44.6	-238.80625
44.7	-218.1708333
44.8	-232.08125
44.9	-257.7625
45	-255.5
45.1	-234.6958333
45.2	-221.34375
45.3	-234.0416667
45.4	-255.40625
45.5	-260.2208333
45.6	-243.75
45.7	-222.1125
45.8	-223.3375
45.9	-244.8791667
46	-268.25625
46.1	-268.8166667
46.2	-242.6
46.3	-225.55
46.4	-246.04375
46.5	-265.6083333
46.6	-251.05
46.7	-230.4291667
46.8	-240.175
46.9	-261.525
47	-259.7625
47.1	-234.8208333
47.2	-214.03125
47.3	-219.425
47.4	-244.08125
47.5	-261.5583333
47.6	-258.61875
47.7	-240.375
47.8	-226.99375
47.9	-235.9166667
48	-256.40625
48.1	-257.5958333
48.2	-246.1125
48.3	-244.7
48.4	-255.85
48.5	-266.1125
48.6	-265.85
48.7	-254.5
48.8	-247.4
48.9	-256.05
49	-241.8625
49.1	-219.0541667
49.2	-223.34375
49.3	-246.6625
49.4	-260.0375
49.5	-259.7958333
49.6	-268.28125
49.7	-279.2041667
49.8	-264.40625
49.9	-239.7291667
50	-240.28125
50.1	-252.3166667
50.2	-255.25625
50.3	-258.6583333
50.4	-260.51875
50.5	-252.2208333
50.6	-245.28125
50.7	-254.4041667
50.8	-245.34375
50.9	-220.0375
51	-199.26875
51.1	-211.8916667
51.2	-246.43125
51.3	-276.3625
51.4	-274.8
51.5	-251.2625
51.6	-229.6625
51.7	-234.85
51.8	-251.675
51.9	-251.9
52	-238.69375
52.1	-232.0333333
52.2	-240.825
52.3	-246.9333333
52.4	-245.75625
52.5	-231.65
52.6	-215.50625
52.7	-217.9125
52.8	-233.7
52.9	-256.1041667
53	-276.8625
53.1	-271.4916667
53.2	-239.4125
53.3	-224.7416667
53.4	-241.80625
53.5	-261.1791667
53.6	-265.78125
53.7	-245.6875
53.8	-233.24375
53.9	-248.6625
54	-262.4125
54.1	-258.6375
54.2	-249.45
54.3	-251.8208333
54.4	-251.19375
54.5	-240.8583333
54.6	-245.25
54.7	-252.1166667
54.8	-234.175
54.9	-229.875
55	-246.5375
55.1	-264.5291667
55.2	-270.7625
55.3	-259.4208333
55.4	-234.575
55.5	-222.5625
55.6	-236.8
55.7	-262.6125
55.8	-268.16875
55.9	-246.9541667
56	-232.45625
56.1	-247.95
56.2	-265.7125
56.3	-267.875
56.4	-273.75
56.5	-265.575
56.6	-245.925
56.7	-238.7125
56.8	-254.45625
56.9	-262.8125
57	-242.85625
57.1	-226.8125
57.2	-238.89375
57.3	-235.7125
57.4	-203.04375
57.5	-190.175
57.6	-212.7375
57.7	-244.0708333
57.8	-255.98125
57.9	-249.8104167
58	-236.6
58.1	-231.5729167
58.2	-249.16875
58.3	-269.6875
58.4	-248.31875
58.5	-228.9958333
58.6	-237.63125
58.7	-258.7875
58.8	-271.075
58.9	-269.425
59	-244.41875
59.1	-226.8625
59.2	-234.18125
59.3	-259.9666667
59.4	-264.9375
59.5	-247.9916667
59.6	-238.68125
59.7	-251.6041667
59.8	-275.0875
59.9	-275.9083333
60	-264.28125
60.1	-270.9291667
60.2	-272.525
60.3	-256.5666667
60.4	-244.36875
60.5	-267.3041667
60.6	-279.1125
60.7	-250.375
60.8	-231.2125
60.9	-241.8583333
61	-246.8
61.1	-223.7458333
61.2	-202.90625
61.3	-212.075
61.4	-243.14375
61.5	-261.6083333
61.6	-243.1125
61.7	-240.775
61.8	-256.325
61.9	-251.9833333
62	-252.81875
62.1	-250.4416667
62.2	-237.675
62.3	-228.4416667
62.4	-229.0625
62.5	-241.8916667
62.6	-257.8875
62.7	-257.9666667
62.8	-235.4375
62.9	-229.0083333
63	-254.2
63.1	-274.2916667
63.2	-247.225
63.3	-224.2541667
63.4	-231.99375
63.5	-248.4208333
63.6	-252.28125
63.7	-240.3
63.8	-237.74375
63.9	-258.3708333
64	-260.7
64.1	-242.7833333
64.2	-244.59375
64.3	-263.2416667
64.4	-252.78125
64.5	-239.1375
64.6	-259.35625
64.7	-265.5333333
64.8	-243.99375
64.9	-242.0291667
65	-262.65625
65.1	-270.81875
65.2	-262.60625
65.3	-238.3770833
65.4	-212.01875
65.5	-228.4375
65.6	-258.2
65.7	-265.85
65.8	-255.075
65.9	-247.0791667
66	-257.26875
66.1	-269.6708333
66.2	-258.7
66.3	-239.3541667
66.4	-255.1
66.5	-272.1791667
66.6	-253.6625
66.7	-245.5916667
66.8	-253.15
66.9	-246.8958333
67	-235.83125
67.1	-245.0083333
67.2	-256.025
67.3	-251.05
67.4	-249.5375
67.5	-243.4416667
67.6	-244.0375
67.7	-256.8833333
67.8	-257.3625
67.9	-233.4666667
68	-225.35
68.1	-238.4041667
68.2	-240.96875
68.3	-236.0833333
68.4	-247.65625
68.5	-270.3770833
68.6	-269.9375
68.7	-242.0020833
68.8	-233.1875
68.9	-242.3625
69	-260.4125
69.1	-257.4208333
69.2	-235.68125
69.3	-238.35
69.4	-241.00625
69.5	-240.9916667
69.6	-247.90625
69.7	-249.6791667
69.8	-242.65625
69.9	-239.5083333
70	-258.1
70.1	-279.8416667
70.2	-282.63125
70.3	-269.3041667
70.4	-272.8875
70.5	-270.5583333
70.6	-250.76875
70.7	-248.4208333
70.8	-252.475
70.9	-243.6333333
71	-238.80625
71.1	-243.7916667
71.2	-233.6625
71.3	-234.5208333
71.4	-252.23125
71.5	-240.4458333
71.6	-217.0875
71.7	-221.2208333
71.8	-233.51875
71.9	-230.25
72	-226.24375
72.1	-251.7
72.2	-277.53125
72.3	-267.2208333
72.4	-261.38125
72.5	-256.2791667
72.6	-238.86875
72.7	-233.5916667
72.8	-261.64375
72.9	-266.775
73	-249.9375
73.1	-238.6458333
73.2	-259.3875
73.3	-271.0416667
73.4	-259.09375
73.5	-264.1
73.6	-280.26875
73.7	-255.4916667
73.8	-228.05625
73.9	-234.2666667
74	-255.2375
74.1	-247.1333333
74.2	-227.30625
74.3	-231.5333333
74.4	-263.0375
74.5	-274.5
74.6	-262.3625
74.7	-262.3208333
74.8	-264.0125
74.9	-263.5125
75	-266.4875
75.1	-268.1875
75.2	-250.63125
75.3	-234.6583333
75.4	-218.1875
75.5	-222.5041667
75.6	-235.575
75.7	-219.1916667
75.8	-217.51875
75.9	-244.3625
76	-264.1
76.1	-257.2541667
76.2	-249.7125
76.3	-266.1791667
76.4	-269.38125
76.5	-245
76.6	-242.00625
76.7	-251.8958333
76.8	-245.675
76.9	-245.5458333
77	-257.8375
77.1	-243.9958333
77.2	-220.5875
77.3	-220.375
77.4	-244.34375
77.5	-248.4625
77.6	-243.40625
77.7	-264.4958333
77.8	-266.96875
77.9	-253.9291667
78	-266.30625
78.1	-269.3166667
78.2	-244.83125
78.3	-231.5458333
78.4	-253.2
78.5	-260.3458333
78.6	-242.49375
78.7	-249.75
78.8	-266.2125
78.9	-260.8625
79	-264
79.1	-272.6
79.2	-251.125
79.3	-235.35
79.4	-254.76875
79.5	-263.3
79.6	-257.58125
79.7	-244.9958333
79.8	-227.75625
79.9	-233.2125
80	-244.8375
80.1	-226.8791667
80.2	-211.05625
80.3	-227.65
80.4	-245.53125
80.5	-242.53125
80.6	-248.8875
80.7	-270.14375
80.8	-277.66875
80.9	-246.2666667
81	-240.70625
81.1	-242.2666667
81.2	-228.6375
81.3	-222.4083333
81.4	-230.80625
81.5	-235.6333333
81.6	-223.925
82	-247.35
82.4	-240.4125
82.8	-256
83.2	-257.1875
83.6	-261.2375
84	-250.0125
84.4	-244.5
84.8	-238.6375
85.2	-235.5
85.6	-248.4375
86	-242.8625
86.4	-253.8375
86.8	-258.0375
87.2	-242.0125
87.6	-233.925
88	-235.1125
88.4	-242.05
88.8	-247.25
89.2	-246.825
89.6	-249.2625
90	-243.175
90.4	-237.925
90.8	-236.35
91.2	-243.9625
91.6	-240.575
92	-253.85
92.4	-259.6375
92.8	-249.9625
93.2	-240.125
93.6	-254.025
94	-245.9125
94.4	-227.9625
94.8	-235.3875
95.2	-246.525
95.6	-244.35
96	-246.375
96.4	-241.45
96.8	-223.475
97.2	-243.25
97.6	-251.625
98	-240.1125
98.4	-225.6125
98.8	-229.9875
99.2	-235.4
99.6	-241.2625
100	-244.9875
100.4	-246.45
100.8	-248.3375
101.2	-256.3375
101.6	-261.45
102	-250.725
102.4	-265.175
102.8	-259.8125
103.2	-258.85
103.6	-265.4625
104	-256.375
104.4	-247.9125
104.8	-248.55
105.2	-253.5125
105.6	-248.575
106	-252.7875
106.4	-258.9625
106.8	-247.3625
107.2	-243.6375
107.6	-247.425
108	-243.0625
108.4	-237.575
108.8	-234.7875
109.2	-245.225
109.6	-255.25
110	-247.7
110.4	-234.6375
110.8	-243.575
111.2	-252.7125
111.6	-239.9125
112	-238.9125
112.4	-245.0125
112.8	-251.1
113.2	-260.05
113.6	-255.5875
114	-246.3875
114.4	-251.9
114.8	-263.1875
115.2	-254.6375
115.6	-255.5
116	-266.3625
116.4	-251.575
116.8	-247.9875
117.2	-255.5875
117.6	-247.4
118	-242.3
118.4	-243.7
118.8	-249.5
119.2	-247.525
119.6	-238.375
120	-240.5
120.4	-240.775
120.8	-250.0875
121.2	-252.7875
121.6	-248.3125
122	-248.1625
122.4	-239.1
122.8	-247.775
123.2	-245.2
123.6	-247.375
124	-248.7875
124.4	-250.1125
124.8	-254.5
125.2	-248.8875
125.6	-257.6625
126	-262.425
126.4	-249.0625
126.8	-241.4
127.2	-252.1625
127.6	-260.225
128	-253.475
128.4	-249.2375
128.8	-252.4
129.2	-245.0625
129.6	-246.925
130	-238.75
130.4	-246.025
130.8	-252.0125
131.2	-243.8
131.6	-245.2125
132	-244.65
132.4	-248.1375
132.8	-242.2875
133.2	-242.975
133.6	-248.6125
134	-248.4125
134.4	-242.4
134.8	-236.2
135.2	-252.7375
135.6	-248.6375
136	-255.3875
136.4	-246.0125
136.8	-250.4375
137.2	-239.4875
137.6	-238.0125
138	-246.85
138.4	-248.6375
138.8	-243.9
139.2	-247.6
139.6	-247.725
140	-239.1875
140.4	-240.1375
140.8	-240.6125
141.2	-250.1
141.6	-243.35
142	-231.925
142.4	-242.35
142.8	-250.925
143.2	-249.975
143.6	-242.1625
144	-238.875
144.4	-233.9375
144.8	-255.4375
145.2	-260.1125
145.6	-245.3625
146	-254.65
146.4	-249.8125
146.8	-246.7
147.2	-245.15
147.6	-240.275
148	-233.3625
148.4	-245.1125
148.8	-253.925
149.2	-250.1875
149.6	-250.75
150	-248.4125
150.4	-245.2
150.8	-244.5625
151.2	-231.85
151.6	-235.1625
152	-247.2
152.4	-241.5
152.8	-242.2125
153.2	-241.6625
153.6	-236
154	-242.8625
154.4	-241.025
154.8	-238.75
155.2	-251.6375
155.6	-250.6375
156	-250.5875
156.4	-260.575
156.8	-249.3875
157.2	-253.3375
157.6	-248.85
158	-239.6125
158.4	-241.525
158.8	-238.0875
159.2	-237.1375
159.6	-252.8875
160	-253.0125
160.4	-241.475
160.8	-244.25
160.9	-234.8875
161	-225.7125
161.1	-243.7375
161.2	-241.9625
161.3	-251.55
161.4	-241.55
161.5	-239.475
161.6	-254.6625
161.7	-232.875
161.8	-228.5625
161.9	-255.1625
162	-250.4625
162.1	-260.075
162.2	-255.7625
162.3	-236.9875
162.4	-228.675
162.5	-256.0875
162.6	-260.1875
162.7	-264.6875
162.8	-243.875
162.9	-252.4
163	-247.9375
163.1	-260.7
163.2	-260.1875
163.3	-243.525
163.4	-230.3875
163.5	-261.45
163.6	-274.2375
163.7	-252.425
163.8	-255.9
163.9	-245.4625
164	-229.625
164.1	-268.875
164.2	-269.025
164.3	-259.275
164.4	-256.8125
164.5	-226.6375
164.6	-237.275
164.7	-260.075
164.8	-266.1375
164.9	-268.1
165	-243.1125
165.1	-244.6875
165.2	-264.2625
165.3	-239.9875
165.4	-240.2875
165.5	-250.425
165.6	-266.175
165.7	-265.8875
165.8	-275.85
165.9	-259.3625
166	-240.7375
166.1	-251.05
166.2	-254.4875
166.3	-269.7
166.4	-245.5
166.5	-237.9875
166.6	-262.8625
166.7	-264.15
166.8	-273.1125
166.9	-252.2875
167	-253.525
167.1	-240.55
167.2	-230.0125
167.3	-246.225
167.4	-253.325
167.5	-257.25
167.6	-259.9
167.7	-237.6625
167.8	-247.925
167.9	-233.15
168	-234.82
168.4	-222.55
168.8	-239.0375
169.2	-251.7875
169.6	-261.225
170	-252.825
170.4	-251.15
170.8	-238.15
171.2	-239.5625
171.6	-253.1875
172	-244.25
172.4	-241.5125
172.8	-247.175
173.2	-249.05
173.6	-254.6375
174	-252.6
174.4	-252.9125
174.8	-252.425
175.2	-252.3125
175.6	-250.275
176	-256.95
176.4	-251.7375
176.8	-248.85
177.2	-245.2875
177.6	-243.675
178	-252
178.4	-241.7875
178.8	-238.6875
179.2	-249.975
179.6	-250.4625
180	-241.3125
180.4	-247.075
180.8	-254.55
181.2	-245.2
181.6	-244.625
182	-237.7875
182.4	-240.125
182.8	-238.175
183.2	-250.875
183.6	-251.75
184	-242.6875
184.4	-242.25
184.8	-248.0125
185.2	-256.3
185.6	-251.7125
186	-247.8375
186.4	-236.2
186.8	-236.7625
187.2	-249.075
187.6	-250.9125
188	-248.2375
188.4	-241.5
188.8	-240.2
189.2	-244.05
189.6	-232.6625
190	-256.2375
190.4	-249.2375
190.8	-252.775
191.2	-239.0375
191.6	-232.6125
192	-238.6625
192.4	-247.1125
192.8	-253.4625
193.2	-240.625
193.6	-233.55
194	-237.8
194.4	-239.775
194.8	-249.475
195.2	-246.9875
195.6	-247.525
196	-243.8375
196.4	-243.1
196.8	-246.6875
197.2	-247.5333333
198	-244.125
198.8	-244.8
199.2	-249.9875
199.6	-237.2875
200	-246.375
200.4	-240.3875
200.8	-239.875
201.2	-234.4875
201.6	-244.325
202	-247.5625
202.4	-249.825
202.8	-243.675
203.2	-239.8375
203.6	-249.9125
204	-230.85
204.4	-236.65
204.8	-260.9916667
205.6	-253.8833333
206	-245.7875
206.4	-246.0875
206.8	-250.65
207.2	-248.375
207.6	-250.9
208	-251.1375
208.4	-242.2375
208.8	-253.3
209.2	-254.25
209.6	-246.6
210	-253
210.4	-252.3875
210.8	-239.8625
211.2	-251.0375
211.6	-247.7625
212	-245.8
212.4	-231.125
212.8	-248.025
213.2	-253.5
213.6	-255.825
214	-253.575
214.4	-250.675
214.8	-249.15
215.2	-247.2125
215.6	-249.2125
216	-247.55
216.4	-245.2625
216.8	-252.175
217.2	-241.35
217.6	-235.0375
218	-250.6375
218.4	-251.7
218.8	-246.1375
219.2	-247.225
219.6	-252.625
220	-254.9875
220.4	-254.75
220.8	-250.575
221.2	-250.8625
221.6	-252.7625
222	-242.45
222.4	-245.2125
222.8	-253.2125
223.2	-246.275
223.6	-239.4375
224	-240.2
224.4	-244.225
224.8	-243.2375
225.2	-240.55
225.6	-240.725
226	-236.1125
226.4	-244.025
226.8	-241.1
227.2	-242.3625
227.6	-255.3
228	-249.525
228.4	-234.2625
228.8	-245.1125
229.2	-249.7625
229.6	-250.0125
230	-249.625
230.4	-247.55
230.8	-246.9625
231.2	-255.625
231.6	-248.825
232	-245.0125
232.4	-245.7875
232.8	-249.7875
233.2	-251.4625
233.6	-260.775
234	-251.4
234.4	-237.5625
234.8	-240.7875
235.2	-244.025
235.6	-249.9
236	-251.75
236.4	-245.4875
236.8	-249.6875
237.2	-247.625
237.6	-249.875
238	-247.1875
238.4	-238.9
238.8	-242.1875
239.2	-251.45
239.6	-242.9375
240	-247.4875
240.4	-252.6625
240.8	-254.025
241.2	-246.7625
241.6	-243.75
242	-253.9
242.4	-256.375
242.8	-252.575
243.2	-255.3125
243.6	-253.8625
244	-245.3875
244.4	-249.9375
244.8	-257.9125
245.2	-249.1125
245.6	-248.4125
246	-242.35
246.4	-254.15
246.8	-252.6625
247.2	-246.7
247.6	-247.3625
248	-238.575
248.4	-231.2
248.8	-238.9
249.2	-238.5625
249.6	-236.875
250	-240.6125
250.4	-250.25
250.8	-242.85
251.2	-240.2375
251.6	-246.925
252	-243.475
252.4	-243.75
252.8	-239.7375
253.2	-243.1875
253.6	-248.9
254	-257.1375
254.4	-249.125
254.8	-241.6625
255.2	-250.6375
255.6	-244.8125
256	-243.175
256.4	-252.175
256.8	-252.0625
257.2	-242.5125
257.6	-246.8375
258	-239.525
258.4	-247.4375
258.8	-256.675
259.2	-254.45
259.6	-252.175
260	-256.8
260.4	-247.9125
260.8	-240.7375
261.2	-242.275
261.6	-247.525
261.8	-240.25
262	-234.6875
262.2	-241.4375
262.4	-239.6875
262.6	-249.4
262.8	-247.5625
263	-245.175
263.2	-248.625
263.4	-253.825
263.6	-250.75
263.8	-252.7125
264	-249.725
264.2	-252.625
264.4	-233.0875
264.6	-238.7625
264.8	-254.25
265	-254.8375
265.2	-262.65
265.4	-245.6875
265.6	-253.5625
265.8	-257.7625
266	-257.075
266.2	-249.8
266.4	-250.9
266.6	-233.8125
266.8	-234.475
267	-242.3125
267.2	-246.8125
267.4	-242.375
267.6	-244.9375
267.8	-243.9
268	-240.7875
268.2	-247.95
268.4	-242.525
268.6	-244.85
268.8	-236.9625
269	-250.0125
269.2	-259.425
269.4	-248.4375
269.6	-245.9875
269.8	-251.4875
270	-240.8625
270.2	-255.9375
270.4	-251.1
270.6	-246.175
270.8	-246.6875
271	-250.5
271.2	-243.5375
271.4	-242.05
271.6	-245.65
271.8	-231.2
272	-240.7
272.2	-246.4
272.4	-248.225
272.6	-245.4875
272.8	-243.975
273	-256.5
273.2	-247.35
273.4	-253.1375
273.6	-242.4125
273.8	-245.575
274	-241.975
274.2	-247.7625
274.4	-249.5375
274.6	-249.275
274.8	-238.1625
275	-227.425
275.2	-232.125
275.4	-242.775
275.6	-243.0625
275.8	-244.875
276	-240.1125
276.2	-245.5125
276.4	-240.2875
276.6	-234.1375
276.8	-245.6
277	-241.075
277.2	-250.4625
277.4	-254.3375
277.6	-253.875
277.8	-257.05
278	-253.5125
278.2	-257.2375
278.4	-257.075
278.6	-251.7625
278.8	-236.725
279	-244.2625
279.2	-239.85
279.4	-235.1125
279.6	-232.1125
279.8	-241.5125
280	-243.8625
280.2	-253.25
280.4	-250.975
280.6	-246.3875
280.8	-243.5375
281	-247.575
281.2	-248.175
281.4	-244.7625
281.6	-253.2625
281.8	-260.3375
282	-252.875
282.2	-254.425
282.4	-250.075
282.6	-243.825
282.8	-248.0125
283	-249.325
283.2	-247.2625
283.4	-250.9625
283.6	-247.65
283.8	-251.45
284	-240.15
284.2	-245.0875
284.4	-243.525
284.6	-238.6375
284.8	-237.5375
285	-241.6625
285.2	-242.1875
285.4	-248.0875
285.6	-254.075
285.8	-259.6375
286	-254.5
286.2	-247.45
286.4	-236.25
286.6	-242.25
286.8	-248.625
287	-253.7875
287.2	-255.8125
287.4	-250.675
287.6	-246.7625
287.8	-246.5375
288	-243.0625
288.2	-254.2375
288.4	-254.825
288.6	-245.6125
288.8	-250.9375
289	-254.175
289.2	-248.3
289.4	-243.8375
289.6	-238.825
289.8	-247.2
290	-240.3625
290.2	-229.7375
290.4	-235.4375
290.6	-240.2875
290.8	-245.7125
291	-250.225
291.2	-245.725
291.4	-248.0875
291.6	-248.45
291.8	-246.25
292	-246.9625
292.2	-243.2375
292.4	-231.8125
292.6	-240.2625
292.8	-239.8375
293	-242.275
293.2	-239.1625
293.4	-249.575
293.6	-241.8125
293.8	-225.4875
294	-239.975
294.2	-241.575
294.4	-242.375
294.6	-242.275
294.8	-247.875
295	-247.475
295.2	-240.8
295.4	-253.2625
295.6	-239.8375
295.8	-241.6375
296	-244.3625
296.2	-244.05
296.4	-243.75
296.6	-248.075
296.8	-252.0125
297	-245.4
297.2	-250.3
297.4	-253.1
297.6	-252.1375
297.8	-245.4375
298	-248.4375
298.2	-244.4375
298.4	-249.5875
298.6	-247.225
298.8	-231.725
299	-227.4
299.2	-241.2125
299.4	-242.8375
299.6	-233.05
299.8	-241.2625
300	-240.8375
300.2	-246.1
300.4	-243.5
300.6	-245.8
300.8	-243.9375
301	-247.2875
301.2	-247.7625
301.4	-243.275
301.6	-242.6875
301.8	-232.2125
302	-234.5125
302.2	-247.4625
302.4	-250.6125
302.6	-248.0875
302.8	-241.8375
303	-248.2375
303.2	-256.225
303.4	-254.7375
303.6	-248.825
303.8	-250.1
304	-244.2875
304.2	-248.8875
304.4	-253.1125
304.6	-252.9125
304.8	-249.5875
305	-252.25
305.2	-258.1375
305.4	-254.475
305.6	-248
305.8	-245.3625
306	-256.3125
306.2	-248.2875
306.4	-243.1
306.6	-244.7125
306.8	-237.675
307	-236.25
307.2	-233.4125
307.4	-238.4375
307.6	-235.4125
307.8	-230.35
308	-217.5625
308.2	-216.8875
308.4	-230.0375
308.6	-243.4125
308.8	-249.1625
309	-255.3375
309.2	-248.85
309.4	-255.975
309.6	-252.025
309.8	-249.65
310	-241.75
310.2	-244.9125
310.4	-245.2
310.6	-248.4375
310.8	-247.475
311	-244.55
311.2	-232.525
311.4	-238.7625
311.6	-241.2
311.8	-246.325
312	-251.475
312.2	-242.15
312.4	-249.3875
312.6	-241.5625
312.8	-238.675
313	-233.2875
313.2	-240.9875
313.4	-256.5125
313.6	-251.1375
313.8	-243.6375
314	-238.975
314.2	-241.7375
314.4	-244.85
314.6	-240.3125
314.8	-246.6375
315	-254.4375
315.2	-260.3875
315.4	-247.75
315.6	-248.7875
315.8	-239.1
316	-240.475
316.2	-246.8625
316.4	-248.8375
316.6	-245.0125
316.8	-249.9
317	-251.025
317.2	-250.8125
317.4	-237.3125
317.6	-240.775
317.8	-238.1375
318	-241.55
318.2	-246.2625
318.4	-238.7375
318.6	-245.4625
318.8	-243.3
319	-236.8875
319.2	-231.0625
319.4	-229.9625
319.6	-239.175
319.8	-241.875
320	-239.7125
320.2	-235.175
320.4	-248.525
320.6	-238.25
320.8	-238.3
321	-249.1625
321.2	-248.1125
321.4	-241.5125
321.6	-230.55
321.8	-246.325
322	-242.6625
322.2	-241.7375
322.4	-237.725
322.6	-242.7625
322.8	-240.8625
323	-238.1375
323.2	-245.7
323.4	-245.5
323.6	-245.85
323.8	-245.925
324	-246.7
324.2	-244.7625
324.4	-242.0625
324.6	-235.6375
324.8	-230.6375
325	-236.2375
325.2	-240.525
325.4	-242.225
325.6	-244.8875
325.8	-249.4
326	-244.8375
326.2	-244.95
326.4	-244.925
326.6	-248.0375
326.8	-243.65
327	-239.5875
327.2	-235.2125
327.4	-253
327.6	-245.9875
327.8	-243.9125
328	-243.625
328.2	-243.675
328.4	-245.1125
328.6	-248.05
328.8	-248.125
329	-247.525
329.2	-243.3
329.4	-246.5125
329.6	-246.3625
329.8	-242.9
330	-247.6625
330.2	-244.575
330.4	-246.3
330.6	-241.3625
330.8	-243.525
331	-243.45
331.2	-244.125
331.4	-244.6625
331.6	-247.1375
331.8	-257.625
332	-256.1375
332.2	-242.2875
332.4	-245.8375
332.6	-239.5125
332.8	-236.3375
333	-243.025
333.2	-240.775
333.4	-237.4375
333.6	-241.8625
333.8	-243.1625
334	-243.2875
334.2	-245.275
334.4	-243.9375
334.6	-234.2625
334.8	-238.2875
335	-244.575
335.2	-244.7
335.4	-237.675
335.6	-237.125
335.8	-233.35
336	-239.325
336.2	-247.8625
336.4	-250.2875
336.6	-252.775
336.8	-250.575
337	-256.1875
337.2	-254.9875
337.4	-243.175
337.6	-238.1625
337.8	-237.5125
338	-241.675
338.2	-243.0625
338.4	-237.6375
338.6	-232.8875
338.8	-241.975
339	-242.075
339.2	-245.825
339.4	-247.1375
339.6	-250.075
339.8	-247.85
340	-243.2625
340.2	-237.65
340.4	-243.9125
340.6	-242.2875
340.8	-239.2125
341	-241.35
341.2	-245.0625
341.4	-255.6125
341.6	-252.675
341.8	-244.1875
342	-241.475
342.2	-237.5875
342.4	-240.6875
342.6	-241.25
342.8	-243.45
343	-245.9875
343.2	-240.9625
343.4	-241.6875
343.6	-241.6
343.8	-239.825
344	-237.95
344.2	-242.75
344.4	-247.825
344.6	-248.9625
344.8	-247.3625
345	-248.25
345.2	-247.9125
345.4	-235.4625
345.6	-241.425
345.8	-255.6625
346	-250.7
346.2	-246.3625
346.4	-246.775
346.6	-250.5625
346.8	-243.75
347	-235.4
347.2	-238.7625
347.4	-233.3375
347.6	-239.85
347.8	-235.3375
348	-242.0875
348.2	-240.175
348.4	-235.55
348.6	-239.8
348.8	-241.275
349	-238.3125
349.2	-241.9875
349.4	-249.0125
349.6	-243.9375
349.8	-247.675
350	-249.0375
350.2	-254.475
350.4	-249.475
350.6	-241.9625
350.8	-250.4625
351	-250.55
351.2	-244.8625
351.4	-249.6375
351.6	-245.2375
351.8	-244.2625
352	-243.3625
352.2	-240.95
352.4	-234.025
352.6	-239.4375
352.8	-241.075
353	-242.325
353.2	-242.825
353.4	-248.85
353.6	-244.4
353.8	-242.0375
354	-244.55
354.2	-236.55
354.4	-243.0875
354.6	-244.3
354.8	-241.2625
355	-238.6625
355.2	-241.35
355.4	-252.9
355.6	-250.4
355.8	-249.0625
356	-241.825
356.2	-243.775
356.4	-245.6625
356.6	-246.1875
356.8	-240.325
357	-243.9875
357.2	-243.8625
357.4	-248.9875
357.6	-243.1875
357.8	-243.8875
358	-244.675
358.2	-241.05
358.4	-238.8875
358.6	-246.6
358.8	-246.8125
359	-243.5875
359.2	-241.1375
359.4	-234.0125
359.6	-237.8125
359.8	-245.85
360	-245.075
360.2	-236.6625
360.4	-236.8125
360.6	-237.8625
360.8	-238.2375
361	-242.3625
361.2	-242.225
361.4	-246.875
361.6	-245.5375
361.8	-236.7625
362	-242.575
362.2	-243.725
362.4	-237.8125
362.6	-242.95
362.8	-244.8125
363	-243.825
363.2	-242.7875
363.4	-234.7
363.6	-239.1875
363.8	-247
364	-247.3625
364.2	-245.7375
364.4	-241.8125
364.6	-240.6
364.8	-241.1875
365	-245.975
365.2	-249.0875
365.4	-241.4
365.6	-243.9125
365.8	-235.65
366	-238.3125
366.2	-242.775
366.4	-244.5375
366.6	-246.65
366.8	-241.0375
367	-246.5
367.2	-246.3625
367.4	-240.7375
367.6	-236.4125
367.8	-239.5375
368	-243.9125
368.2	-246.825
368.4	-246.725
368.6	-243.7
368.8	-244.925
369	-243.55
369.2	-241.4875
369.4	-240.1625
369.6	-238.55
369.8	-243.95
370	-239.6125
370.2	-237.7
370.4	-246.2
370.6	-246.55
370.8	-238.85
371	-246.1375
371.2	-240.3125
371.4	-237.9625
371.6	-242.8625
371.8	-236.4125
372	-234.975
372.2	-235.425
372.4	-236.275
372.6	-232.75
372.8	-236.425
373	-237.2625
373.2	-246.7
373.4	-242.3625
373.6	-239.025
373.8	-244.0125
374	-243.8375
374.2	-243.6875
374.4	-236.5125
374.6	-235.9125
374.8	-245.7
375	-245.6
375.2	-246.9875
375.4	-241.0375
375.6	-231.9875
375.8	-239.4
376	-237.0375
376.2	-238.925
376.4	-235.9
376.6	-241.65
376.8	-240.025
377	-244.9875
377.2	-242.0125
377.4	-245.7
377.6	-238.275
377.8	-235.025
378	-239.6125
378.2	-241.0625
378.4	-233.15
378.6	-240.8625
378.8	-241.4
379	-242.05
379.2	-237.15
379.4	-249.375
379.6	-243.675
379.8	-239.475
380	-242.725
380.2	-244.625
380.4	-241.875
380.6	-242.7125
380.8	-239.9875
381	-238.275
381.2	-238.7875
381.4	-246.7
381.6	-245.65
381.8	-238.975
382	-239.6
382.2	-248.3125
382.4	-241.25
382.6	-241.1875
382.8	-244.0125
383	-243.2875
383.2	-238.375
383.4	-241.5625
383.6	-238.125
383.8	-240.275
384	-237.5875
384.2	-242.1
384.4	-238.5875
384.6	-234.85
384.8	-242.2625
385	-244.675
385.2	-242.0125
385.4	-244.575
385.6	-249.7625
385.8	-245.2125
386	-240.875
386.2	-243.3875
386.4	-241.5625
386.6	-239.175
386.8	-243.075
387	-243.8375
387.2	-240.95
387.4	-239.55
387.6	-238.275
387.8	-237.575
388	-237.9625
388.2	-238.6375
388.4	-241.2
388.6	-242.7375
388.8	-241.2625
389	-247.875
389.2	-247.6125
389.4	-237.7375
389.6	-239.4
389.8	-242.0125
390	-241.5875
390.2	-244.975
390.4	-235.925
390.6	-237.525
390.8	-243.35
391	-243.4875
391.2	-243.4
391.4	-245.125
391.6	-246.625
391.8	-247.4375
392	-247.2375
392.2	-245.65
392.4	-237.725
392.6	-240.925
392.8	-239.65
393	-244.625
393.2	-244.4125
393.4	-242
393.6	-240.6875
393.8	-245.55
394	-241.65
394.2	-234.275
394.4	-240.0375
394.6	-240.6875
394.8	-247.0875
395	-239.85
395.2	-239.6875
395.4	-243.825
395.6	-242.525
395.8	-234.475
396	-237.7375
396.2	-237.85
396.4	-239.45
396.6	-242.85
396.8	-241.875
397	-236.7375
397.2	-238.975
397.4	-240.7125
397.6	-244.925
397.8	-245.3875
398	-245.0375
398.2	-236.6125
398.4	-238.8125
398.6	-238.025
398.8	-238.0875
399	-243.2375
399.2	-242.8125
399.4	-238
399.6	-240.25
399.8	-243.9
400	-245.675
400.2	-243.925
400.4	-245.95
400.6	-240.275
400.8	-240.6
401	-244.775
401.2	-243.8
401.4	-241
401.6	-240.8625
401.8	-246.775
402	-249.825
402.2	-250.05
402.4	-243.8375
402.6	-240.45
402.8	-239.375
403	-242.3625
403.2	-241.175
403.4	-237.425
403.6	-240.225
403.8	-239.6125
404	-240.85
404.2	-240.35
404.4	-238.4875
404.6	-236.8125
404.8	-240.9375
405	-244.025
405.2	-240.8875
405.4	-238.8875
405.6	-238.075
405.8	-243.9625
406	-239.9
406.2	-238.15
406.4	-236.1375
406.6	-241.9
406.8	-240.7125
407	-243.1
407.2	-241.5625
407.4	-241.825
407.6	-241.9125
407.8	-241.375
408	-243.125
408.2	-240.3375
408.4	-241.2125
408.6	-243.2125
408.8	-240.9875
409	-242.6625
409.2	-241.925
409.4	-240.475
409.6	-241.425
409.8	-245.075
410	-235.5625
410.2	-232.2125
410.4	-239.3375
410.6	-242.25
410.8	-242.825
411	-240.325
411.2	-237.1
411.4	-235.975
411.6	-240.25
411.8	-241.475
412	-240.95
412.2	-238.7375
412.4	-239.75
412.6	-243.4375
412.8	-245.5625
413	-237.6375
413.2	-242.4
413.4	-240.85
413.6	-239.9875
413.8	-235.55
414	-240.75
414.2	-242.1
414.4	-245.1625
414.6	-247.2
414.8	-247.3125
415	-241.9375
415.2	-242.225
415.4	-242.925
415.6	-242.4625
415.8	-243.7625
416	-239.0625
416.2	-241.1125
416.4	-239.4
416.6	-232.525
416.8	-236.85
417	-240.4375
417.2	-242.3625
417.4	-242.65
417.6	-241.675
417.8	-236.4375
418	-233.5
418.2	-242.8
418.4	-247.65
418.6	-250.325
418.8	-248.1125
419	-244.5375
419.2	-243.8625
419.4	-242.675
419.6	-239.9375
419.8	-236.6375
420	-233.2375
420.2	-230.8375
420.4	-241.875
420.6	-245.7625
420.8	-245.225
421	-244.8625
421.2	-237.9
421.4	-235.6875
421.6	-248.05
421.8	-242.2375
422	-243.2
422.2	-241.175
422.4	-244.7875
422.6	-249.7875
422.8	-249.725
423	-245.175
423.2	-235.7625
423.4	-245.575
423.6	-239.3
423.8	-240.675
424	-235.8125
424.2	-242.3875
424.4	-240.625
424.6	-238.175
424.8	-240.2625
425	-236.125
425.2	-237
425.4	-245.1625
425.6	-243.15
425.8	-240.375
426	-242.425
426.2	-241.8875
426.4	-238.9875
426.6	-245.425
426.8	-247.0125
427	-238.125
427.2	-240.8
427.4	-244.8875
427.6	-238.6125
427.8	-240
428	-244.0875
428.2	-236.275
428.4	-236.8375
428.6	-234.2375
428.8	-238.55
429	-246.5875
429.2	-248.5875
429.4	-241.2875
429.6	-242.875
429.8	-244.8
430	-241.65
430.2	-235.3625
430.4	-239.5125
430.6	-239.575
430.8	-242.7
431	-238.3125
431.2	-238.0875
431.4	-234.2875
431.6	-233.7125
431.8	-231.55
432	-236.05
432.2	-241.6375
432.4	-236.4
432.6	-239.9875
432.8	-244.9125
433	-242.0875
433.2	-245.575
433.4	-241.2625
433.6	-238.5625
433.8	-241.6875
434	-240.5
434.2	-239.6125
434.4	-241.7625
434.6	-241.35
434.8	-244.95
435	-236.425
435.2	-242.7
435.4	-243.6625
435.6	-237.2
435.8	-236.1875
436	-234.6375
436.2	-239.525
436.4	-239.15
436.6	-237.0375
436.8	-236.9
437	-240.4375
437.2	-239.7
437.4	-236.4125
437.6	-236.75
437.8	-238.8
438	-235.5875
438.2	-235.0625
438.4	-241.65
438.6	-241
438.8	-239.3875
439	-238.175
439.2	-242.2
439.4	-244.45
439.6	-246.7875
439.8	-242.5625
440	-232.175
440.2	-237.6375
440.4	-247.1875
440.6	-245.2375
440.8	-240.15
441	-245.2375
441.2	-241.175
441.4	-243.425
441.6	-238.5875
441.8	-236.975
442	-240.35
442.2	-244.0125
442.4	-238
442.6	-238.925
442.8	-242.325
443	-239.0625
443.2	-243.4875
443.4	-242.2625
443.6	-244.375
443.8	-238.2625
444	-233.7375
444.2	-233.425
444.4	-238.725
444.6	-236.9
444.8	-239.8
445	-239.825
445.2	-245.1875
445.4	-242.475
445.6	-242.775
445.8	-239.925
446	-235.0625
446.2	-248.2625
446.4	-243.625
446.6	-238.3375
446.8	-241.8375
447	-240.3625
447.2	-242.8
447.4	-241.8375
447.6	-235.2125
447.8	-227.3
448	-234.1
448.2	-245.3875
448.4	-241.725
448.6	-239.7125
448.8	-244.325
449	-243.65
449.2	-244.4625
449.4	-242.675
449.6	-242.7125
449.8	-235.5375
450	-236.5625
450.2	-238.625
450.4	-239.575
450.6	-244.65
450.8	-236.625
451	-233.075
451.2	-234.7
451.4	-232.4875
451.6	-239.6125
451.8	-242.975
452	-243.875
452.2	-246.35
452.4	-245.6125
452.6	-237.1375
452.8	-235.8875
453	-233.7625
453.2	-236.025
453.4	-242.7125
453.6	-239.9625
453.8	-238.75
454	-243.475
454.2	-242.1375
454.4	-243.3875
454.6	-242.95
454.8	-244.8
455	-241.275
455.2	-240.2125
455.4	-240.25
455.6	-239.3375
455.8	-237.925
456	-239.3
456.2	-236.9875
456.4	-236.8
456.6	-237.7375
456.8	-242.5
457	-246.45
457.2	-241.5125
457.4	-235.6125
457.6	-239.35
457.8	-244.3875
458	-242.2625
458.2	-239.7625
458.4	-243
458.6	-242.5875
458.8	-235.875
459	-234.95
459.2	-240.3375
459.4	-240.1375
459.6	-235.0625
459.8	-236.425
460	-237.95
460.2	-241.9625
460.4	-242.7625
460.6	-240.2
460.8	-238.075
461.8	-234.3083333
462	-238.3625
462.2	-239.8
462.4	-240.8125
462.6	-240.2875
462.8	-239.2
463	-234.4125
463.2	-235.7
463.4	-241.275
463.6	-239.1125
463.8	-239.25
464	-239.9875
464.2	-236.4375
464.4	-238.1125
464.6	-239.375
464.8	-235.95
465	-237.5
465.2	-240.975
465.4	-242.7625
465.6	-241.4125
465.8	-241.0375
466	-239.675
466.2	-242.4875
466.4	-242.45
466.6	-244.7
466.8	-245.5375
467	-244.55
467.2	-242.6
467.4	-251.8125
467.6	-244.05
467.8	-236.975
468	-243.425
468.2	-243.3875
468.4	-243.9625
468.6	-241.2125
468.8	-240.6625
469	-238.2875
469.2	-244.6
469.4	-239.9125
469.6	-242.4625
469.8	-235.625
470	-241.65
470.2	-246.1625
470.4	-244.9125
470.6	-242.4375
470.8	-243.7125
471	-242.6875
471.2	-240.3375
471.4	-237.125
471.6	-236.85
471.8	-244.6375
472	-239.5875
472.2	-240.425
472.4	-242.6125
472.6	-239.575
472.8	-248.9375
473	-241.6875
473.2	-239.5125
473.4	-241.8625
473.6	-237.5
473.8	-243.775
474	-242.2
474.2	-233.5625
474.4	-228.4625
474.6	-234.3625
474.8	-240.925
475	-241.325
475.2	-237.15
475.4	-241.1375
475.6	-243.125
475.8	-234.4
476	-232.2625
476.2	-234.175
476.4	-244.55
476.6	-245.3625
476.8	-240.9125
477	-240.7
477.2	-238.5875
477.4	-237.8875
477.6	-241.1125
477.8	-240.525
478	-244.525
478.2	-237.825
478.4	-241.0875
478.6	-240.0375
478.8	-237.3375
479	-244.8125
479.2	-242.2375
479.4	-242.2375
479.6	-238.325
479.8	-236.25
480	-239.15
480.2	-242.6625
480.4	-240.7875
480.6	-240.8125
480.8	-236.2625
481	-240.4125
481.2	-239.7375
481.4	-241.8
481.6	-233.2
481.8	-232.4
482	-239.025
482.2	-243.6625
482.4	-236.3375
482.6	-242.65
482.8	-232.9625
483	-240.9
483.2	-243.6125
483.4	-233.2375
483.6	-235.0625
483.8	-241.225
484	-240.375
484.2	-242.175
484.4	-243.475
484.6	-239.8625
484.8	-241.6
485	-239.075
485.2	-244.675
485.4	-246.6875
485.6	-242.4
485.8	-239.0625
486	-247.6625
486.2	-242.025
486.4	-234.0875
486.6	-237.8875
486.8	-240.4375
487	-241.275
487.2	-242.8125
487.4	-238
487.6	-236.6125
487.8	-231.5
488	-241.275
488.2	-242.775
488.4	-241.55
488.6	-244.6625
488.8	-240.4375
489	-242.6875
489.2	-243.2875
489.4	-242.6625
489.6	-239.675
489.8	-244.3375
490	-246.1625
490.2	-242.75
490.4	-243.6125
490.6	-242.3
490.8	-240.65
491	-245.9
491.2	-247.2125
491.4	-249.275
491.6	-239.4125
491.8	-241.6
492	-243.0875
492.2	-244.075
492.4	-250.5375
492.6	-246
492.8	-237.9875
493	-239.1875
493.2	-246.5375
493.4	-251.125
493.6	-240.2
493.8	-246.1375
494	-246.0625
494.2	-242.925
494.4	-240.5375
494.6	-245.2625
494.8	-244.075
495	-247.625
495.2	-243.3
495.4	-237.575
495.6	-241.4875
495.8	-240.3125
496	-242.6125
496.2	-241.15
496.4	-237.2
496.6	-240.975
496.8	-242.6375
497	-246.5125
497.2	-242.8625
497.4	-241.7125
497.6	-242.625
497.8	-249.8125
498	-248.95
498.2	-249.425
498.4	-242.5625
498.6	-240.025
498.8	-243.7875
499	-240.3375
499.2	-247.9
499.4	-247.6
499.6	-247.7125
499.8	-243.6875
500	-240.8375
500.2	-245.775
500.4	-246.8375
500.6	-247.7875
500.8	-245.85
501	-246.8625
501.2	-249.9625
501.4	-252.2
501.6	-248.75
501.8	-244.65
502	-250.45
502.2	-254.45
502.4	-249.975
502.6	-247.75
502.8	-247.5125
503	-247.3125
503.2	-248.7375
503.4	-249.175
503.6	-247.4
503.8	-244.9875
504	-244.925
504.2	-248.975
504.4	-249.85
504.6	-246.575
504.8	-248.0375
505	-250.7375
505.2	-247.875
505.4	-246.9875
505.6	-245.5
505.8	-249.6375
506	-246.3375
506.2	-251.5625
506.4	-253.675
506.6	-252
506.8	-250.2625
507	-247.9125
507.2	-246.85
507.4	-250.15
507.6	-251.85
507.8	-249.2625
508	-251.7625
508.2	-252.975
508.4	-254.95
508.6	-254.075
508.8	-250.7875
509	-251.025
509.2	-254.125
509.4	-255.15
509.6	-251.35
509.8	-249.8125
510	-248.325
510.2	-250.2
510.4	-251.7625
510.6	-254.2375
510.8	-253.8375
511	-251.325
511.2	-251.6375
511.4	-252.65
511.6	-253.0875
511.8	-252.1375
512	-254.075
512.2	-254.95
512.4	-249.525
512.6	-255.775
512.8	-255.6
513	-253.2375
513.2	-255.95
513.4	-255.075
513.6	-255.875
513.8	-255.5625
514	-256.625
514.2	-255.425
514.4	-255.125
514.6	-255.6875
514.8	-258.025
515	-255.15
515.2	-258.0625
515.4	-255.5375
515.6	-253.3375
515.8	-257.3125
516	-255.4875
516.2	-255.975
516.4	-254.0875
516.6	-252.5
516.8	-252.7125
517	-253.125
517.2	-256.0375
517.4	-257.6375
517.6	-249.7625
517.8	-252.5
518	-252.05
518.2	-253.8375
518.4	-254.7875
518.6	-250.7375
518.8	-251.975
519	-251.3
519.2	-251.25
519.4	-253.7125
519.6	-251.4625
519.8	-248.6875
520	-246.6375
520.2	-248.6875
520.4	-249.1
520.6	-247.4125
520.8	-251.6625
521	-251.8375
521.2	-249.9125
521.4	-249.8625
521.6	-251.3875
521.8	-251.5375
522	-252.425
522.2	-252.45
522.4	-257.725
522.6	-256.65
522.8	-255.675
523	-257.65
523.2	-259.3125
523.4	-258.6125
523.6	-260.975
523.8	-263.2875
524	-265.05
524.2	-262.475
524.4	-267.2375
524.6	-275.35
524.8	-273.7625
525	-271.8875
525.2	-272.925
525.4	-273.3125
525.6	-273.1
525.8	-273.1625
526	-272.0125
526.2	-270.925
526.4	-268.4875
526.6	-269.8125
526.8	-268.25
527	-266.25
527.2	-269.9375
527.4	-271.6125
527.6	-271.1125
527.8	-270.6625
528	-271.4625
528.2	-270.7
528.4	-270.7125
528.6	-270.325
528.8	-269.7125
529	-270.55
529.2	-269.6
529.4	-268.1125
529.6	-266.775
529.8	-271.6125
530	-271.0625
530.2	-274.2625
530.4	-271.2125
530.6	-270.8
530.8	-269.975
531	-272.8125
531.2	-274.9125
531.4	-272.1375
531.6	-271.75
531.8	-272.1625
532	-272.1875
532.2	-271.3625
532.4	-272.9125
532.6	-273.9
532.8	-274.75
533	-273.2875
533.2	-276.1375
533.4	-276.9375
533.6	-276.6875
533.8	-278.1
534	-276.925
534.2	-275.3625
534.4	-274.2625
534.6	-276.575
534.8	-275.8125
535	-271.8875
535.2	-272.6875
535.4	-274.3875
535.6	-276.1875
535.8	-276.45
536	-280.6
536.2	-281.6
536.4	-285.375
536.6	-283.7125
536.8	-286.9625
537	-288.1875
537.2	-289.9375
537.4	-294.475
537.6	-296.9
537.8	-301.025
538	-301.2625
538.2	-302.4625
538.4	-304.5875
538.6	-304.7125
538.8	-303.2875
539	-304.025
539.2	-302.3625
539.4	-300.025
539.6	-298.3375
539.8	-299.925
540	-301.375
540.2	-298.1
540.4	-295.1
540.6	-292.425
540.8	-293.9125
541	-295.6375
541.2	-297.05
541.4	-296.275
541.6	-298.0625
541.8	-301.5125
542	-305.725
542.2	-306.8125
542.4	-310.95
542.6	-312.875
542.8	-316.5
543	-320.0625
543.2	-321.7875
543.4	-327.3625
543.6	-331.275
543.8	-336.25
544	-342.8625
544.2	-342.6875
544.4	-342.1625
544.6	-341
544.8	-342.6
545	-341.7625
545.2	-343.825
545.4	-346.2875
545.6	-344.3625
545.8	-346.55
546	-345.475
546.2	-345.3125
546.4	-345.225
546.6	-343.9
546.8	-344.425
547	-343.85
547.2	-342.95
547.4	-337.775
547.6	-338.8125
547.8	-338.275
548	-337.175
548.2	-334.05
548.4	-336.8875
548.6	-341.1125
548.8	-340.4
549	-336.9625
549.2	-336.0375
549.4	-335.9
549.6	-334.5375
549.8	-341.1875
550	-341.6875
550.2	-340.9125
550.4	-337.9625
550.6	-338.3375
550.8	-338.325
551	-338.125
551.2	-339.275
551.4	-334.425
551.6	-330.7625
551.8	-329.725
552	-330.0625
552.2	-332.15
552.4	-333.6
552.6	-328.65
552.8	-326.675
553	-324.1125
553.2	-325.125
553.4	-327.65
553.6	-327.9125
553.8	-329.75
554	-335.6375
554.2	-337.9
554.4	-336.9125
554.6	-334.7375
554.8	-334.45
555	-335.0375
555.2	-336.475
555.4	-334.85
555.6	-334.75
555.8	-331.725
556	-327.7375
556.2	-324.1625
556.4	-322.4625
556.6	-323.2625
556.8	-327.8375
557	-330.1625
557.2	-330.4125
557.4	-326.5125
557.6	-326.1125
557.8	-326.6125
558	-328.1875
558.2	-332.0375
558.4	-334.5375
558.6	-332.2375
558.8	-328.55
559	-323.925
559.2	-322.3875
559.4	-319.675
559.6	-320.35
559.8	-320.45
560	-321.625
560.2	-322.6125
560.4	-326.3
560.6	-326.025
560.8	-326.0375
561	-324.575
561.2	-321.8875
561.4	-318.1875
561.6	-316.3875
561.8	-313.65
562	-310.275
562.2	-306.7125
562.4	-306.575
562.6	-306.875
562.8	-309.7125
563	-309.05
563.2	-312.0875
563.4	-318.1375
563.6	-318.675
563.8	-323.025
564	-325.975
564.2	-325.0375
564.4	-323.975
564.6	-321.35
564.8	-320.4875
565	-323.225
565.2	-324.375
565.6	-320.4583333
565.8	-316.5
566	-315.0875
566.2	-316.8625
566.4	-313.4
566.6	-314.7875
566.8	-320.1625
567	-322.4
567.2	-318.4375
567.4	-318.65
567.6	-320.3875
567.8	-317.975
568	-317.2125
568.2	-314.8875
568.4	-313.3375
568.6	-309.55
568.8	-310.125
569	-310.4875
569.2	-310.5125
569.4	-310.025
569.6	-310.0875
569.8	-312.9375
570	-315.225
570.2	-316.8875
570.4	-317.6583333
570.8	-315.2833333
571	-314.325
571.2	-314.6625
571.4	-317.5625
571.6	-315.4
572	-312.1
572.2	-311.8875
572.4	-309.6125
572.6	-306.5
572.8	-299.9625
573	-305.6375
573.2	-303.9
573.6	-300.6583333
573.8	-298.9125
574	-297.1125
574.2	-297.575
574.4	-298.7
574.6	-301.975
574.8	-304.1625
575	-305.125
575.2	-305.125
575.4	-305.725
575.6	-303.925
575.8	-306.1375
576	-307.8125
576.2	-313.5
576.4	-316.95
576.6	-319.0875
576.8	-318.3375
577	-317.8875
577.2	-314.4375
577.4	-313.4
577.6	-314.6
577.8	-313.2875
578	-314.95
578.2	-314.075
578.4	-313.4125
578.6	-314.8
578.8	-316.5
579	-314.2
579.2	-309.925
579.4	-314.125
579.6	-315.275
579.8	-314.9
580	-311.525
580.2	-310.9875
580.4	-309.4875
580.6	-309.975
580.8	-312.725
581	-308.675
581.2	-311.5625
581.4	-313.075
581.6	-312.4125
581.8	-310.9375
582	-317.4125
582.2	-314.325
582.4	-316.05
582.6	-316.0375
582.8	-313.8125
583	-310.4625
583.2	-309.425
583.4	-313.1
583.6	-311.95
583.8	-312.9875
584	-306.7125
584.2	-313.0875
584.4	-311.85
584.6	-311.825
584.8	-310.775
585	-310.2125
585.2	-311.4875
585.4	-311.5875
585.6	-308.0125
585.8	-310.525
586	-308.5125
586.2	-306.025
586.4	-306.3625
586.6	-308.2
586.8	-307.1125
587	-304.5625
587.2	-302.85
587.4	-301.1625
587.6	-298.15
587.8	-301.225
588	-299.6375
588.2	-297.5875
588.4	-299.6875
588.6	-296.425
588.8	-294.5375
589	-293.075
589.2	-293.975
589.4	-296.4375
589.6	-299.9
