692.16500 716.80000 10.00000
692.67500 672.70000 10.00000
695.16500 688.20000 10.00000
700.01500 698.00000 10.00000
700.04500 715.80000 7.30000
700.16500 710.70000 10.00000
703.16500 674.60000 10.00000
703.58500 661.20000 10.00000
708.16500 680.70000 10.00000
711.01500 714.70000 10.00000
711.16500 728.40000 10.00000
711.68500 708.20000 6.20000
716.16500 590.30000 10.00000
716.61500 622.50000 10.00000
719.16500 502.30000 10.00000
724.01500 474.70000 10.00000
724.16500 483.90000 10.00000
724.68500 482.90000 6.20000
728.16500 470.40000 10.00000
728.67500 473.10000 10.00000
730.16500 482.10000 10.00000
735.01500 477.70000 10.00000
735.16500 533.10000 10.00000
735.53500 486.50000 6.20000
738.16500 488.50000 10.00000
738.67000 470.20000 10.00000
742.16500 468.40000 10.00000
747.01500 464.30000 10.00000
747.16500 476.20000 10.00000
750.67500 466.90000 10.00000
751.16500 499.50000 10.00000
756.27500 487.50000 10.00000
759.01500 474.00000 10.00000
759.04500 468.70000 10.00000
759.07500 482.70000 10.00000
759.10500 479.00000 6.20000
759.16500 458.20000 10.00000
762.50500 474.30000 10.00000
762.67500 484.20000 10.00000
767.16500 581.80000 10.00000
772.01500 672.70000 10.00000
772.39500 674.20000 10.00000
772.68500 668.10000 6.20000
774.16500 633.40000 10.00000
775.55500 632.10000 10.00000
780.16500 647.10000 10.00000
783.01500 645.00000 10.00000
783.04500 653.20000 6.20000
783.16500 654.40000 10.00000
787.39500 659.50000 10.00000
787.67500 661.60000 10.00000
791.50500 641.40000 10.00000
796.01500 644.00000 10.00000
796.16500 626.90000 10.00000
799.27500 626.70000 10.00000
799.62500 648.00000 10.00000
803.16500 612.00000 10.00000
809.01500 622.70000 10.00000
809.16500 606.90000 10.00000
809.65500 616.10000 6.20000
812.27500 602.90000 10.00000
812.61500 611.00000 10.00000
815.16500 601.30000 10.00000
819.01500 646.70000 10.00000
819.39500 601.50000 10.00000
819.41500 618.00000 6.20000
823.16500 594.20000 10.00000
823.67500 609.80000 10.00000
827.27500 552.50000 10.00000
832.01500 521.00000 10.00000
832.04500 496.30000 10.00000
832.39500 484.90000 10.00000
835.16500 471.00000 10.00000
835.67500 468.50000 10.00000
839.16500 454.20000 10.00000
843.01500 487.30000 10.00000
843.61500 472.50000 6.20000
844.16500 468.20000 10.00000
848.16500 460.10000 10.00000
848.67500 468.80000 10.00000
851.39500 475.80000 10.00000
854.01500 470.30000 10.00000
854.16500 465.20000 10.00000
854.61500 474.80000 6.20000
859.16500 455.90000 10.00000
859.67500 466.60000 10.00000
863.16500 446.80000 10.00000
867.01500 440.70000 10.00000
867.04500 452.30000 10.00000
867.61500 441.50000 6.20000
872.67500 446.70000 10.00000
876.16500 437.10000 10.00000
878.01500 455.00000 10.00000
884.67500 449.40000 10.00000
887.16500 435.30000 10.00000
891.01500 426.70000 10.00000
891.04500 439.00000 10.00000
896.67500 421.40000 10.00000
899.39500 408.30000 10.00000
903.61500 427.80000 6.20000
908.62500 439.40000 10.00000
912.39500 398.50000 10.00000
915.01500 402.00000 10.00000
915.61500 399.50000 6.20000
918.67500 418.30000 10.00000
924.16500 390.00000 10.00000
928.67500 389.90000 10.00000
931.67500 385.70000 10.00000
933.16500 378.60000 10.00000
938.08500 389.20000 6.20000
938.62500 387.70000 7.70000
938.65500 375.40000 6.20000
938.68500 387.30000 10.00000
943.67500 376.80000 10.00000
946.32500 376.80000 10.00000
946.61500 370.90000 10.00000
951.04500 376.10000 6.20000
951.61500 375.00000 6.20000
957.67500 364.00000 10.00000
960.16500 375.80000 10.00000
962.01500 372.70000 10.00000
962.16500 393.30000 6.20000
962.19500 382.20000 6.20000
962.61500 372.10000 6.20000
967.67500 365.50000 10.00000
972.16500 368.00000 10.00000
975.01500 374.00000 10.00000
975.04500 378.00000 10.00000
975.55500 376.40000 6.20000
975.58500 366.70000 6.20000
978.67500 369.80000 10.00000
983.16500 368.70000 10.00000
987.01500 366.30000 10.00000
987.49500 375.00000 6.20000
987.52500 369.30000 6.20000
987.55500 371.30000 6.20000
987.58500 368.70000 6.20000
987.61500 366.70000 7.50000
991.67500 361.70000 10.00000
995.16500 359.10000 10.00000
1000.01500 367.00000 10.00000
1000.04500 368.50000 6.20000
1001.98500 375.10000 6.20000
1003.67500 383.10000 10.00000
1005.01500 381.70000 6.20000
1005.91500 387.40000 6.20000
1007.01500 373.30000 6.20000
1008.18500 366.70000 10.00000
1009.91500 365.60000 6.20000
1011.01500 375.70000 10.00000
1011.04500 364.00000 6.20000
1012.91500 377.00000 6.20000
1012.94500 371.30000 6.20000
1014.01500 354.20000 6.20000
1014.04500 358.20000 6.20000
1015.67500 365.90000 10.00000
1017.01500 365.60000 6.20000
1017.04500 359.00000 6.20000
1018.16500 357.40000 10.00000
1019.91500 356.80000 6.20000
1021.91500 358.40000 7.30000
1023.01500 361.30000 10.00000
1023.04500 365.10000 6.20000
1023.07500 361.80000 6.20000
1023.10500 361.20000 6.20000
1023.13500 378.70000 6.20000
1023.16500 353.90000 6.20000
1025.04500 370.00000 6.20000
1027.05000 361.20000 6.20000
1028.67500 361.80000 10.00000
1029.91500 379.10000 6.20000
1029.94500 364.60000 6.20000
1031.16500 362.60000 10.00000
1033.01500 371.50000 6.20000
1035.01500 381.70000 10.00000
1035.04500 372.60000 6.20000
1037.07500 395.00000 6.20000
1038.01500 389.60000 6.20000
1039.67500 381.60000 10.00000
1040.91500 381.80000 6.20000
1041.91500 391.40000 6.20000
1043.16500 393.90000 10.00000
1045.01500 388.70000 6.20000
1046.01500 387.00000 10.00000
1046.04500 388.90000 6.90000
1047.01500 385.20000 6.20000
1048.01500 385.10000 6.20000
1049.01500 390.20000 6.20000
1050.01500 391.40000 6.20000
1052.91500 389.00000 6.20000
1054.98500 387.90000 6.20000
1055.16500 393.40000 10.00000
1057.01500 379.50000 6.20000
1058.01500 391.00000 10.00000
1058.04500 391.40000 6.20000
1058.07500 399.40000 6.20000
1058.10500 394.40000 6.20000
1058.13500 381.80000 6.20000
1059.91500 385.60000 6.20000
1062.01500 393.90000 6.20000
1063.08500 399.20000 6.20000
1063.91500 391.90000 6.20000
1064.67500 402.70000 10.00000
1067.01500 393.40000 6.20000
1069.01500 370.50000 6.20000
1069.04500 385.80000 6.20000
1071.01500 382.70000 10.00000
1071.04500 361.70000 6.20000
1073.01500 361.00000 6.20000
1073.04500 362.90000 6.20000
1075.01500 363.60000 6.20000
1075.04500 361.70000 6.20000
1076.67500 358.10000 10.00000
1077.91500 359.10000 6.20000
1077.98500 362.70000 6.20000
1079.16500 365.50000 10.00000
1081.01500 364.60000 6.20000
1081.04500 368.20000 6.20000
1083.01500 388.00000 10.00000
1083.07500 362.40000 6.20000
1085.04500 362.80000 6.20000
1085.07500 373.40000 6.20000
1087.01500 373.10000 6.20000
1088.67500 348.70000 10.00000
1089.91500 377.70000 6.20000
1091.16500 384.30000 10.00000
1093.01500 373.60000 7.60000
1095.01500 379.70000 10.00000
1095.07500 363.00000 6.20000
1095.10500 365.50000 6.20000
1095.13500 358.20000 6.20000
1095.16500 358.70000 6.20000
1097.01500 376.00000 6.20000
1099.01500 368.70000 6.20000
1100.67500 369.30000 10.00000
1101.91500 386.50000 6.20000
1101.94500 366.20000 6.20000
1104.01500 371.20000 6.20000
1104.91500 364.40000 6.20000
1107.01500 369.30000 10.00000
1107.04500 363.70000 7.80000
1109.01500 349.00000 6.20000
1109.04500 352.40000 6.20000
1110.67500 363.40000 10.00000
1111.91500 359.00000 6.40000
1113.01500 371.30000 6.20000
1114.91500 359.40000 6.20000
1117.01500 374.60000 6.20000
1117.04500 355.30000 6.20000
1119.01500 362.30000 10.00000
1119.04500 369.30000 6.20000
1119.07500 375.80000 6.20000
1119.10500 363.00000 6.20000
1119.13500 347.20000 6.20000
1119.16500 358.00000 6.20000
1121.01500 374.00000 6.20000
1121.04500 364.00000 6.20000
1122.67500 357.50000 10.00000
1123.91500 359.40000 6.20000
1125.01500 366.20000 6.20000
1127.16500 362.20000 10.00000
1129.01500 363.00000 6.20000
1130.01500 366.00000 10.00000
1130.04500 379.20000 6.20000
1130.07500 366.20000 6.20000
1131.01500 372.30000 6.20000
1131.04500 373.50000 6.20000
1133.01500 379.90000 6.20000
1133.04500 381.10000 6.20000
1135.01500 370.40000 6.20000
1135.04500 374.20000 6.40000
1136.67500 375.50000 10.00000
1137.91500 385.30000 6.20000
1139.16500 392.20000 10.00000
1141.01500 385.40000 6.20000
1142.01500 388.30000 10.00000
1142.04500 384.40000 6.20000
1142.07500 381.40000 6.20000
1142.10500 389.80000 6.20000
1142.13500 373.50000 6.20000
1142.16500 381.50000 6.20000
1143.01500 388.20000 6.20000
1145.01500 395.30000 6.20000
1146.67500 393.20000 10.00000
1147.91500 392.20000 6.20000
1147.94500 404.10000 6.20000
1149.01500 447.30000 6.20000
1149.05000 407.70000 6.20000
1149.08500 417.90000 6.20000
1150.16500 429.10000 10.00000
1151.91500 448.50000 6.20000
1151.94500 376.90000 6.20000
1151.98000 439.90000 6.20000
1153.05000 428.10000 6.20000
1153.08500 407.20000 6.70000
1155.01500 382.30000 10.00000
1155.04500 384.10000 6.20000
1157.01500 371.80000 6.20000
1158.01500 375.40000 6.20000
1159.67500 362.50000 10.00000
1160.91500 366.00000 6.20000
1162.16500 397.70000 10.00000
1163.91500 389.60000 6.20000
1166.01500 400.80000 6.20000
1167.01500 416.00000 10.00000
1167.04500 406.80000 6.20000
1167.07500 432.50000 6.20000
1167.10500 412.00000 6.20000
1167.13500 402.20000 6.20000
1167.16500 409.00000 6.20000
1169.01500 420.10000 6.20000
1170.01500 457.20000 6.20000
1170.04500 433.20000 6.20000
1171.67500 456.80000 10.00000
1173.01500 453.60000 6.20000
1173.04500 472.20000 6.20000
1174.01500 458.60000 6.20000
1174.04500 458.40000 6.20000
1175.16500 387.70000 10.00000
1177.01500 398.30000 6.20000
1178.01500 385.70000 10.00000
1178.04500 425.90000 6.20000
1178.07500 390.70000 6.20000
1178.10500 393.20000 6.20000
1178.13500 383.90000 6.20000
1178.16500 383.50000 6.20000
1179.91500 397.50000 6.20000
1179.94500 385.20000 6.20000
1181.91500 373.90000 6.20000
1181.94500 385.50000 6.20000
1183.62500 387.90000 10.00000
1185.01500 387.90000 6.20000
1187.16500 390.70000 10.00000
1189.01500 396.90000 6.20000
1191.01500 387.70000 10.00000
1191.04500 381.40000 6.20000
1191.07500 384.60000 6.20000
1193.05000 408.30000 6.20000
1193.05000 395.60000 6.20000
1194.01500 396.20000 6.20000
1194.04500 389.00000 6.20000
1194.07500 397.90000 6.20000
1195.62500 410.20000 10.00000
1197.01500 405.30000 6.20000
1197.04500 400.00000 6.20000
1199.16500 388.40000 10.00000
1203.01500 405.30000 10.00000
1203.04500 414.50000 6.20000
1207.62500 393.80000 10.00000
1212.16500 396.10000 10.00000
1215.01500 404.00000 10.00000
1215.04500 413.30000 6.20000
1218.62500 414.10000 10.00000
1223.16500 424.10000 10.00000
