6.135844532041596633e-01
1.740105606010292849e+00
1.627347638442497857e+00
9.285016064027625804e-01
1.543795582140682576e+00
3.994695610378546480e+00
4.747763070769348559e-01
-3.320423786223612450e-01
-1.449965483598086635e+00
-9.322605842262987608e-02
-1.994476394427328270e+00
-4.808387152103396622e-01
4.218193952298026073e-01
1.254734715724371341e+00
4.675003016743315976e-01
1.442122205712963900e+00
1.067344655207733028e+00
5.758583294972001720e-01
9.255198914324209714e-01
2.477599279239075969e+00
6.222828264975143187e-01
4.314617777711035607e-01
1.316025308281787431e-02
1.373315360388741579e-01
-2.755112113498143778e-01
-1.034450264813671749e+00
-1.014659240400189510e+00
2.051560247088190181e+00
-9.488904262458717209e-01
-2.102457061273097949e+00
8.137207819262823882e-01
-1.075514482664611249e+00
-2.027934129174791433e+00
-6.316802247882986610e-01
-3.125430085661734525e-01
4.505317649607942787e-02
-5.320610115715965760e-01
4.166951618045187100e-01
-2.887978238051951418e-01
-5.379874413383886056e-01
-5.252630852881414736e-01
-1.106549001437556967e+00
0.000000000000000000e+00
2.244978116599041229e-01
1.621988419970367412e-01
1.558219382862056634e-01
9.200246841637245154e-01
1.936833197735946310e+00
-7.009906293749929018e-02
8.324991925487980060e-01
1.878793255645468951e+00
2.017064259920894997e+00
1.804029387183967659e+00
3.890004712483845495e+00
-4.414149491185336949e+00
-4.235990758495408182e-01
-7.689470061796205291e-01
-7.910738374834278552e-01
-6.121485586966765036e-01
-4.944807716438760492e-01
-4.341867637716488870e-01
-5.041334938294262935e-01
-2.982524366341016142e-01
-1.574037418758788762e-02
2.157998986478205927e-01
5.101838008217454146e-01
4.942963627024467566e-01
3.652888591829378528e-02
-4.521869608869373836e-01
-7.292665881840980635e-01
-7.511606445545973010e-01
-3.186342134278093985e-01
-4.047160817851268022e-01
-4.309970964031548668e-01
-4.415948080148111021e-01
-5.493401377528931429e-01
-5.916388191435424382e-01
-5.962939754905066669e-01
-8.812972485247011489e-01
-9.207755576327084635e-01
-8.185431579409274683e-01
-8.697740384033856298e-01
-8.609141793923208441e-01
-6.931488331812687420e-01
-3.379624461475064789e-01
9.349709171483019943e-02
3.725127562207738302e-02
-1.175764877964484284e-01
-1.371207764097449010e-02
1.343617349220929680e-01
-4.052264064532455634e-03
-5.528365985490062140e-02
-3.349273050072323343e-01
-4.397121914955713917e-01
-5.775602228232213919e-01
-2.969908205845172011e-01
-1.407993873819257669e-01
-5.570679337706197637e-02
-1.160506088680345188e-01
-5.163245903372829515e-01
-9.322222989213544420e-01
-7.051016116235659936e-01
-1.763471138600003485e-01
-7.164430068390951201e-01
-6.930070656042071064e-01
-5.130052961321363014e-01
-5.653451888913698653e-01
-2.618382032312500662e-01
1.137274600030314109e-01
1.390382272163962762e-01
1.412730696446756196e-01
-8.916389580476435928e-02
-5.832810617861337865e-02
1.982910236735035137e-01
3.908732485528530476e-01
4.188468612816305670e-01
4.822065094668017693e-01
2.291398558775367689e-01
-1.214151078173486276e-01
-1.774582891722978339e-01
-3.881196152619139639e-01
-5.462772012278602762e-01
-5.430850841716335919e-01
-2.884450627965295388e-01
-1.509204411969381487e-01
-1.142111206818607338e-01
-1.042338303549720652e-01
3.474346928073598212e-02
1.822054835018883656e-01
1.548205119477745750e-01
6.801425709269240394e-02
1.395727954054132858e-01
3.175324928299860794e-01
3.465085085192764480e-01
1.525175560490893423e-01
-1.233161143657087733e-01
-2.893190265951743334e-01
-3.556127650669314022e-01
-5.574318068253864000e-01
-6.447893983279565644e-01
-9.297024519980849888e-01
-7.581698465631407924e-01
-6.741399065962404569e-01
-3.603384877675259168e-01
-2.386396739496950414e-01
1.654537898093904336e-01
5.321447506254457505e-01
3.975254977057172678e-01
1.422759331743459754e-01
3.315467982871377339e-01
3.121427903032992224e-01
1.987545903484477516e-01
9.140828342665173467e-02
-3.255748116148051152e-01
-3.926596348526659175e-01
-2.927223467056292439e-01
-9.478776672737489195e-02
-2.512544545222574754e-01
5.914159153590785312e-02
4.621600979109602436e-01
7.570272033625712327e-01
8.252870008601830287e-01
4.489640189978216789e-01
2.558234595616540874e-01
-3.461014697019119957e-02
-9.180333669189627566e-02
-2.488222838898311237e-02
2.382753311912819694e-01
2.466843468521370264e-01
1.961743796458649894e-02
-6.108337079771331002e-02
-1.021866736593266684e-01
-2.212905833603537042e-01
-3.606214469364843467e-01
-2.754332237718375986e-01
-3.836924049332304798e-01
-2.875491908881014913e-01
2.348082143369752961e-01
6.384408192402994953e-01
4.046682171366507430e-01
3.292847100012997741e-01
-1.957439531904194008e-01
-3.370358412556829775e-01
-3.566651044735383858e-01
-3.962728691159058680e-01
-4.476989178009314063e-01
-4.056150360563057222e-01
-3.732965905709627052e-01
-1.465261977751528832e-01
2.671319587769965809e-01
1.675884895225751570e-01
1.536078305376729902e-01
1.427335172686241271e-01
-2.528694543057379354e-02
-4.527425813696887152e-02
-3.180184127187460907e-01
-2.575922054671158090e-01
-3.082963029492533091e-02
2.897920768212868259e-01
3.615972126914237528e-01
3.465593729562897463e-01
2.610474785112769092e-01
8.513737911297469818e-02
-1.286374408073932829e-01
-4.253190132326210016e-01
-2.264789757026360595e-01
-4.009467519898023413e-01
-3.691813068318439139e-01
-6.758632807102409046e-02
-5.482278810567449423e-02
-1.551503479836289223e-01
-1.792836176349740518e-01
-2.850211848136637860e-01
-3.908243844111147780e-01
1.653339040399805504e-01
7.292838914206501988e-01
5.336016460899163372e-01
2.304246595421646226e-01
5.486165685796333680e-01
9.182777011558109770e-01
9.462952121974350650e-01
1.027772373883250046e+00
6.096936551415872430e-01
5.047181925181777329e-01
6.960242704952238624e-01
7.291769173898910994e-01
1.996602433229667517e-01
2.581746260196604026e-01
6.530552306727956113e-02
2.294194707850928105e-01
2.827640129609959585e-01
6.193139428003426872e-01
4.228653504809095631e-01
7.100006899974878327e-02
3.046645230735750554e-01
1.965663466554261329e-01
1.059093065837673903e-01
1.913141501814576151e-01
4.488111422939687345e-01
3.130796681280397786e-01
8.422987584064722810e-02
-7.219584082183383433e-01
-1.399299091927565852e+00
-7.896114046516288232e-01
-4.396144335921053914e-01
-1.902543037987678987e-01
-7.035618206689930876e-01
-4.578647575417371107e-01
6.099257554952483007e-01
4.619908457123954038e-01
1.111076303314790376e-01
1.105283903452513594e-01
-1.294783067075159968e-03
-2.293197386075089272e-01
9.022531962145725892e-02
4.195259824815735228e-01
1.898392931144438078e-01
-1.273233902766041370e-01
-6.291767619788728449e-01
-1.656994169773322312e-01
-1.974879020428557952e-01
5.786089091005685026e-01
3.408973758497851198e-02
-3.357214803288447458e-01
-5.434212725797094024e-01
-1.276692936263643885e+00
-6.995176118168604518e-01
-6.146505501329175836e-01
-5.021443586605092158e-01
-8.357251157131057040e-01
-8.603533391409773357e-01
1.608147253278038036e-01
-6.919641722617113633e-01
-7.594649042610313039e-01
-1.263556210019608772e-01
-4.204303149093351899e-01
-6.865939275902727124e-01
-5.488610101185426027e-01
-2.167345328526597836e-01
-9.571061780970353539e-01
-8.069702611249346402e-01
-4.581451934871090259e-01
-9.928421280687962924e-02
-2.114704910973111973e-01
-1.983483191472014406e-02
-9.066380725172097366e-01
-3.745863025242922029e-01
-3.825806388736853747e-01
-1.214493220689440323e+00
-1.107124100668903433e+00
-4.359870358611895313e-01
-3.460226655233534232e-01
-4.444075223435073885e-01
6.831861345370798810e-02
7.539830027548294344e-01
7.810299056827245401e-02
2.518539140856274061e-01
3.953317735763363372e-02
-8.701041676054369067e-02
-1.026220471502624354e-01
-1.339955681636098850e-01
2.364166073422069303e-01
3.670383238051750374e-01
-3.120312585112725023e-01
-2.239125137105494323e-01
-1.347318526888300616e-01
7.383498292673930097e-01
3.792138881842185283e-01
3.695473772252809708e-01
2.689086904308575152e-02
4.028779674807986266e-02
4.219142130187181206e-01
-6.756733828298980282e-02
-8.606766644739326233e-02
-8.870900097556067010e-02
-7.627788644921830452e-02
-1.893352047253351045e-01
2.883923017366131838e-02
-1.801663960973883261e-01
-1.596487540238974157e-01
-1.367579986998065655e-01
2.788580680704513259e-01
1.720435795127989442e-01
1.311698517235796446e-01
1.462329594488620266e-01
2.758790911701058945e-01
-2.699773371282992440e-01
4.312110101463097894e-02
2.939372128995223488e-01
2.995417042553945586e-01
2.697329500303542460e-01
-3.844558338364179040e-02
1.911335882270892572e-02
1.968097559229881888e-01
-7.488477556852293771e-02
3.928822790469272963e-01
4.663575022366828887e-02
2.453380647254353453e-01
4.694770278561979926e-01
1.503694543540689404e-02
-2.747431908991339045e-01
2.662026934728125016e-01
3.493628410881837176e-01
-8.409862534655528077e-02
7.401724843838816681e-02
1.126891618609197482e-01
-2.170342539317738906e-01
-1.367151481381720379e-01
1.561501716388874195e-01
-3.290376699670054528e-01
2.347259528469669843e-01
-2.499854015222775783e-01
-1.997459426817567163e-01
2.131440589931391516e-01
-3.760011231348347471e-01
-2.982830480215384883e-01
-1.456636502392746058e-01
-8.846036855881055094e-02
-3.701958274569823737e-01
-3.317654742559225101e-01
-2.497394840431715890e-01
3.282754328310197312e-01
7.745219457945298758e-02
-1.374495126991650273e-01
-1.244481631644675339e-02
-2.314269849771794507e-01
3.823430393675256722e-01
1.839582279388756736e-01
1.767806630434712312e-02
6.211507302806215103e-01
2.699056215893003152e-01
1.630246435805958460e-01
1.036169227162944684e-01
1.055704294794543724e-01
2.345246641366094398e-01
-5.516234736573809583e-01
2.607885263477082161e-01
-1.108535728360323241e-01
-1.458329079633974290e-01
-4.510758439932263664e-01
-7.536137573747217488e-02
3.163216796756845861e-01
-1.676467300900296720e-01
4.244733805219774725e-01
5.773115572622620206e-01
8.887274424578257559e-01
5.895314644066349669e-02
4.110856476242540601e-03
1.054868846865376908e-01
2.511389459823369918e-01
-4.668517620611352115e-01
-8.827870354461524183e-02
-3.892075859136362448e-01
4.656270350353275411e-01
-5.392116916806447696e-02
-6.115073554833037051e-01
3.409670890481884542e-01
-1.323634732439738226e-01
-7.619559417737076235e-02
-6.110759725011435245e-02
-2.353904845768660659e-01
-3.574764880001580214e-01
-1.787980143272313305e-01
3.648769427706725910e-02
-4.746713199739876349e-02
1.824484593330187865e-01
2.076002866297834981e-01
-1.697478285838444415e-02
5.440582202030662395e-02
1.661673285237316444e-01
1.466503745689883842e-01
2.636786963658233618e-01
-2.473512215893480248e-01
-1.441365613499712706e-01
2.688091146361043515e-01
3.277821378946930153e-01
-2.947854496506070454e-01
-9.557670761327115294e-02
3.060098373730975596e-01
3.159297210875166018e-01
-6.155189193876013654e-02
1.968643821178938658e-01
1.551726696865511068e-01
1.718364730727228729e-01
4.872844552063307910e-01
5.153610707882546604e-01
-8.673793285828627908e-02
-2.282468987861017429e-01
-2.406931976241822105e-02
-2.010741095780261833e-01
4.013753563523066864e-03
9.143811727238115167e-03
2.556867541192148208e-01
6.953686968471695096e-01
1.172299064372737565e+00
2.540640986468952756e-01
1.242836502341928107e+00
7.559987556177231172e-01
4.267369258271143106e-01
1.658177552145118916e-01
4.999767950195024291e-01
7.378738742115252824e-01
6.519232252458556642e-01
9.166116589768996681e-01
8.425232931472852460e-01
-2.743651410904266452e-01
-5.995132473955648855e-01
-6.326156020357849297e-01
1.956355078620953813e-01
-1.610808363123838793e+00
2.820307494291521833e-01
2.254547689953904366e-01
3.321045660100763186e-01
-9.291151630521913424e-03
1.368014653923718127e+00
1.204056724639868792e+00
-6.972385749287952628e-01
1.818997428271803829e-01
7.404737957925776673e-03
1.080771956364141861e-01
7.534181619596649337e-01
3.332793336284383123e-01
1.777543471549603293e-01
7.416133050104734004e-01
1.256194010029594854e-01
-1.228573325463933053e-01
2.188579904721339731e-01
8.412887250774356840e-01
-5.426698688731756981e-02
1.566610899217040220e-01
2.633428731627653896e-01
2.489719848915142031e-01
1.763921558180543995e-03
2.889842899092033290e-01
7.247953536349491799e-01
-2.172031418041127371e-02
4.020310205192944020e-01
3.662366106446090508e-01
-1.284304668796044935e-01
-1.093047749090490850e+00
-2.079462125343006229e-01
1.574544299707801576e-01
2.981940112619367311e-01
2.126561834130081818e-01
-6.987233121461165763e-02
5.150449757074403861e-02
2.138561934444453139e-01
-4.421129956892853596e-01
-1.978560229399062842e-01
4.811754477784932482e-01
1.626983392527500127e-01
1.290183220384904794e-01
-7.140971889541003481e-02
1.225997357908438501e-01
3.717730203477275785e-01
2.068655010541959605e-01
4.304668175265619623e-01
1.876945184286444857e-01
8.219467883891586057e-02
1.636273106843912084e-01
2.948667690416956200e-01
1.972737717190648291e-02
-4.892221646458897455e-01
-4.795803729843017837e-01
4.820102210503914852e-01
6.362434146180900862e-01
1.215023933681099733e+00
4.818228910895125394e-01
-2.528815903796472354e-03
5.883916082613240839e-01
1.377817634719490369e-01
4.020704061434176579e-01
4.211461816350445808e-01
4.812418304538419456e-01
4.272073108085033821e-01
6.244323570414812563e-01
8.364678173373921721e-01
4.541864455425642655e-01
5.452780980239821940e-01
7.901093969876598067e-01
3.448783275747582255e-01
6.984424298552437405e-01
7.878360627232587898e-01
6.083898097352873346e-01
3.408465650183783446e-01
-4.788640285886951869e-02
5.186701152309065865e-02
2.187057591455499328e-01
1.226721316153596142e-01
-2.150910113448522010e-01
4.362162207629640548e-02
1.697065173795715004e-02
1.366500924581555698e-01
1.098679943190959268e-01
-1.715318594440214672e-01
7.214512717543017373e-02
6.094368238658111336e-02
-1.486223176575126870e-01
2.465755717517290613e-01
-5.071995707509417001e-02
8.678666151904389225e-02
-1.627099660246005344e-02
1.133933292123692482e-01
3.156274016929069143e-02
5.192553294549185489e-02
-4.111198690522564411e-03
4.248501600922201943e-02
3.549939802354108720e-02
-9.097070290211381471e-02
4.146390705847757818e-01
1.836744033526696018e-01
-3.501070220393330545e-02
-1.008490705951417959e-01
-1.983586454964702539e-01
-2.352311890502092329e-01
-8.321799742602258021e-02
6.031402776880758626e-02
2.175254180684142169e-01
4.080633837806861841e-01
2.424763983715693960e-01
3.575345357508588617e-01
1.522081288590720616e-01
-5.162268466535333000e-02
3.180392216713616160e-01
7.496472788982273816e-02
-5.322939068603609047e-02
3.922376248694471601e-02
-5.094827745136956687e-02
4.119784046749168371e-02
-4.859866371957428238e-02
5.402051063426564943e-03
4.347023667440097494e-02
5.512500212031659630e-02
1.393686294741211529e-01
1.495238166474210650e-01
1.434628048659514765e-01
-1.263945731197836375e-01
-3.370019782870412040e-01
4.119584967979725287e-02
2.633023496689074205e-02
-6.906027861368544407e-01
-1.108487938369312614e-01
2.782880386754286728e-01
-2.018940624667859562e-01
-1.062148950018143162e-01
-2.310028017565416217e-02
2.573628807830020959e-02
-4.695292025488122245e-02
8.599040088827464290e-02
1.327916813549000208e-01
-5.702451615018403475e-01
-4.619914573745451114e-01
-1.211560392726788865e-01
1.206317106606959177e-01
2.574791093269960737e-02
1.776637538832948338e-01
1.523864664610578845e-01
-2.711103235005442036e-01
-3.353347109066740495e-01
-2.390297691802465568e-02
-2.089356503264316878e-01
7.718940388442210865e-02
-5.269007723435479296e-01
-5.313440452723725560e-01
-3.004232825087848613e-01
-1.589659772415286110e-01
-4.801203656954535770e-01
2.479734099380898893e-01
-2.771052661189105787e-02
-2.353237191507932535e-01
1.802721829835690348e-01
-1.902381779714139853e-01
-2.574567063810694889e-01
-1.615467876409056591e-01
-1.673040396312350797e-01
5.163392724563997671e-02
-8.443564870671516065e-02
3.363106608394455382e-02
-2.136615728579798201e-01
-8.830683880214267034e-02
-3.004904788232236612e-01
-2.730632438401656703e-01
-2.307171971877541305e-01
-2.823336765578729479e-01
-8.757156213765328323e-02
-3.422928921118875700e-01
-3.004955293889267631e-01
-6.420615282767772047e-01
-4.613095760946995250e-01
-2.751072174577695595e-01
-3.310637831572932899e-01
-3.040423895270827348e-01
-3.281996834253520512e-01
8.655393469571713572e-02
-3.674322767478985785e-01
-7.198030467474387795e-01
-8.362410198855542154e-01
-4.475081444619536386e-01
-5.663808233708669260e-01
-3.913495918455358602e-01
-2.962224663806692915e-01
8.477248423039177028e-02
-1.729212835856075436e-01
-2.503320814219395229e-01
-2.217225434106269155e-01
-4.138516174015786087e-01
-3.173654275133075409e-01
2.118188242286705991e-02
-3.528073141568229681e-02
1.033686229616286555e-02
-2.879768858697941414e-01
-4.319062937648940337e-02
-3.272002576826660292e-01
4.805793966328992806e-01
-8.090244659404666194e-02
-3.968479387884034648e-01
-1.850374512418529738e-01
3.840965361200750910e-02
-5.370317516316772816e-02
-4.038354753866858771e-02
-2.446318759596595727e-01
-4.262352277586566318e-01
-3.207733343771365098e-01
-4.750665780416589712e-01
-5.248962012920872500e-01
2.383671363201659843e-01
-3.612353501016067892e-01
-3.754291495782294819e-01
-4.944047917218682975e-01
-1.765667401193787289e-01
-5.294968269252986470e-01
-3.031576750237602869e-01
3.216599794330345791e-02
5.804667588611077678e-01
2.046183141280127626e-01
-3.909244198694897254e-01
-1.077545785545942492e+00
-1.154135329370384211e+00
1.519458208438558000e-01
4.029407301954697207e-01
9.467725336647777601e-01
2.983767665434012284e-01
-1.379505415704059823e-01
-3.386345964919114659e-01
-1.283813031832619633e-01
-4.382269176905624897e-01
-5.416388334691402129e-01
-4.592629389663828166e-01
-3.057649826399089221e-01
3.614282742692827011e-01
7.488505254098439673e-03
-5.306163201693426396e-02
-6.091400195802509215e-02
-3.735917984774592693e-01
-1.544995254481053848e-01
-1.895460515827442349e-01
-3.501809986726794888e-01
-4.266891278563246237e-01
-7.482658508399760988e-01
-1.019291754002066286e+00
-4.679597268112952180e-01
2.712680820873402676e-01
3.691829485910462783e-01
-1.506806408446449419e-01
3.234470986501336576e-01
-1.812641597219785405e-01
8.630577550102003226e-02
4.452781568772525844e-01
-9.020669510281094372e-02
-1.290422707429540183e-01
1.424101768131543488e-01
-1.159824849540870284e-01
-2.634032557371841950e-03
3.183092731159541389e-01
1.959287631538246810e-01
5.640711855355091675e-01
1.226734741345743673e+00
1.587959035749231251e+00
1.238394046354579947e+00
9.087692877690863869e-01
2.998374094269981582e-01
-1.002588792799521178e+00
-2.748285430665759588e+00
-2.121800079236931147e+00
1.343087686878985110e-01
-2.180400584828615096e-01
1.334276147576421712e-01
-5.088067160280522472e-02
-2.118146389654579353e-01
-1.319096492813097987e-01
-1.133553916096389086e-01
3.342108179705921556e-01
-5.738947439771485692e-01
-6.736168601697838099e-02
-2.456222058412524945e-01
3.535704379916022044e-01
-5.789162512770391622e-01
6.905702131895274931e-01
-4.680382118430128080e-01
-5.222697221613831209e-01
-8.494880232206207804e-01
-6.086420562009847712e-01
-2.346991619829030540e-01
-8.240559314284001680e-02
-4.029512435845939988e-01
-3.686699961289146565e-01
-6.098014511664749948e-01
-3.038805268648811508e-01
-4.457024513972890900e-01
-1.578441422799987670e-01
-1.025354530629190020e-01
4.471594341557396518e-02
-2.147175548984530669e-01
-7.040253414194492798e-01
-2.526198246531710656e-01
2.246843797318088809e-01
-3.470097773401184527e-01
3.020062075817452341e-01
4.517449490594740436e-01
4.555952994863646799e-01
3.095181845801568965e-01
5.290579526859782167e-01
4.971843925165387867e-01
1.091012422297717110e+00
1.536768889022369411e+00
1.263218843609545061e+00
6.178444391183443227e-03
-3.829411131463156259e-01
-5.436923454324485983e-01
9.921946476373997292e-01
8.903196506852392167e-01
7.350998520162096428e-01
-5.253793669226233115e-03
-2.166262925247731258e-02
3.933974753239545263e-01
1.934779644443806457e-01
4.818249068934402080e-01
1.089779650506613962e+00
-1.530262224246490832e-01
-2.334626688481004630e-01
-1.650728030642052658e-03
-2.291385289668204650e-02
1.218527097632869510e-01
9.784285753163020349e-02
-9.223800145901138725e-01
-6.460106032604773230e-01
9.016401260812276774e-01
4.153638664918059220e+00
4.067177847396227897e+00
3.237921509556624056e+00
1.294827621884944380e+00
1.658334623006968711e-01
-8.695565225862091074e-02
-1.757544159787442495e-01
-1.771237858707785384e-01
3.200167332082012317e-01
-5.700140585090675283e-02
6.151205418902555566e-01
-3.516653378545462338e-01
-3.169055672806789792e-01
2.775736117917497192e-01
2.347375328720328058e-01
-7.410697191941431616e-02
5.895350809907594636e-01
-4.600955427653688479e-01
6.502144184893544898e-02
-7.276408996793508610e-01
-1.681259877780010847e-01
6.940578453893091471e-01
5.816684980020586648e-01
6.321396403685943799e-01
5.535026392768906955e-01
1.440618493475936512e+00
1.365279273648902114e+00
-2.269083307797696569e-01
-9.552167018437729418e-02
-4.391057604615178356e-01
-6.945123023339080381e-01
-2.029586410104324390e+00
-2.221002867678545378e+00
-1.048951952771518537e+00
-5.395931886842321168e-01
-3.042633194098570137e-01
-2.495601114707214907e-01
3.005681918085156834e-01
1.314317391475002157e-02
4.384920177344376335e-01
1.403702469309972223e+00
2.221038542152270701e+00
1.153671639726926879e+00
1.402433687613622304e-01
-2.835493844070349767e-01
-6.307635206699890862e-01
-7.274551409175404881e-01
-9.950567098802355348e-01
-1.287417918422726126e+00
-9.759280106189464066e-01
-1.597336957376384481e+00
-1.613076600013573003e+00
-1.805033875929272336e+00
-1.161508136518093037e+00
-1.127512709386628398e+00
-1.596860687850144789e+00
-7.420478310740487027e-01
-1.697579427094752236e-01
-2.063908045734521857e-01
-5.622780983654944720e-01
1.194052249626931017e+00
2.361552272417416276e+00
2.368383415888186239e+00
2.719243042956259959e+00
2.313386239835473646e+00
5.592880581964209535e-02
1.891837179656086915e-02
-2.627009820173797916e-01
2.144894225104457819e-01
-8.607271736891719538e-02
-3.073461626483415254e-01
-3.348081807138355015e-01
-4.814947015169199207e-02
-2.128653309701962482e-02
1.905036162811679090e-01
-3.611212064638458785e-01
-6.496949950455356282e-01
-8.640811990065596637e-01
-3.628214462919825412e-01
-8.323379746384917954e-01
-6.440393849326353504e-01
-7.217445617057537399e-01
-2.166643705203255207e-02
-1.527654903607295611e-01
-7.182276942094975025e-01
-5.084313197105718718e-01
-7.400042291315848120e-01
-1.270299527572424925e-01
-1.029264774253726866e+00
-9.486369593070790307e-01
2.310117566979948966e-01
-8.609491685454624676e-02
-2.229888580066982651e-01
9.822396580721916293e-02
-5.058291587047920590e-01
-2.269861986773823725e-01
-2.896727290634893981e-01
-2.342071717153768329e-01
-2.566503633483063762e-01
-6.976418795127380112e-02
-3.687117778945173674e-01
-3.531188718930995396e-01
-2.810334645049212821e-01
-2.225251885292472975e-01
-3.535192017997062508e-01
-3.412099066705851502e-01
-2.295794434038527787e-01
2.372823868344549614e-01
-9.463650140944411537e-02
-3.002847946554006997e-01
-3.170677309457592408e-01
-2.070724441647626146e-01
-3.154118396563306281e-01
3.150605248618095627e-02
-4.345974783871476843e-01
1.064546316747040124e-02
-2.369099766376890626e-01
-4.809635962153714361e-01
-5.966782401773138567e-01
-3.694873920203561868e-01
-1.411725327129677576e-01
2.101235980599206188e-01
4.793965826009471964e-01
8.631848193251900891e-01
1.269247568562654749e+00
1.285766851915707276e+00
-1.600828044378850012e-01
-1.350327639334222507e+00
-1.665907917415488715e+00
-6.861733686333427729e-01
-6.319325977413446649e-02
4.356409910053616885e-01
4.064727045387483417e-01
-1.988446197333134657e-01
-2.834750266559403764e-01
-1.012009776285956869e-01
-5.605717417236164568e-01
-5.991232143531541876e-01
2.220800010260039203e-01
-5.016168891271960417e-01
-3.189276096399550897e-01
-4.103933448820237112e-02
-6.627958786686359571e-02
-2.770529813914484052e-01
-3.222920348460623363e-01
2.797373960721396546e-01
3.434663263325664073e-01
4.981883114811929136e-01
-3.106324441880766174e-01
-1.914086893587171323e-01
-3.350139928831945002e-01
-2.042218603777989222e-02
3.646530506741132438e-01
4.766180332087681659e-01
3.729649276332730468e-01
-1.489035204406757573e-01
-3.234811969357588302e-01
-4.168695569840008552e-01
-8.249150527522386422e-02
-2.423867801600911864e-01
-2.587624373108671216e-01
-1.842436414611550999e-01
-6.283769731340838050e-01
-4.887253578055906211e-01
-1.956721785516465084e-01
-1.013032371401263593e-01
-2.408141950519407382e-01
1.239188005889662030e-03
1.493950999246646261e-01
-2.213860040488163372e-01
-2.772326297505668946e-01
3.248895185877530567e-01
2.763493600074130030e-01
-1.144999352060381698e-01
-4.679674633574785747e-01
4.078937194558561741e-01
-5.461622812052876336e-02
-4.803761231660749753e-01
-5.227781669097554262e-01
-2.236227499862744605e-02
-1.907648944397480062e-01
-5.606894860135072656e-02
-8.213487591610886540e-02
1.097910899158863023e-02
-2.660356061430710350e-01
-3.950546457656015087e-01
-3.953648321598671189e-01
-4.175681109252333267e-01
-4.045200229027511862e-01
-3.314881352102506118e-01
3.049270701399605862e-02
-1.064056646162411107e-01
-4.912291795831145169e-01
-9.064921741144287004e-02
4.039501028776064373e-02
-8.990049698324165117e-02
-1.188640866646611116e-01
-4.958976869588021530e-01
-2.783695091319513537e-01
-3.689579718745775172e-01
-3.235119571081666590e-01
-5.303185528145081262e-01
-2.664085346117510689e-01
-8.060860045139799090e-02
-4.564005169483516533e-01
-3.135210922905645736e-01
-6.018160998200469125e-01
-7.721299126506064869e-01
-6.755909107764407340e-01
1.338623882687869082e-01
4.649718624200057104e-01
1.109450434202235991e+00
1.182616728112522830e+00
1.305361867245417251e+00
1.269753631773577585e+00
8.366792258577679942e-01
2.762519850378465369e-01
-8.826081630800919342e-01
-1.185622951525860946e+00
-1.268120863821518673e+00
-1.314238023960786039e+00
-2.026361351807657751e+00
-2.660193803592726614e+00
-1.516630947668510254e+00
-1.044680673684966754e+00
-9.490120163221253957e-01
-1.326589814379587340e+00
-2.000935276361627047e+00
-1.646591450364211395e+00
-2.636226238750115081e-01
-8.537677803936340182e-02
-2.268136769707258249e-01
3.535885400322476557e-01
1.007216070733893076e+00
1.079843871797196986e+00
8.801779491359451590e-01
1.332412244273546535e-02
-6.728378528024588912e-01
-1.963090715405889919e-01
2.085001205499699972e-01
9.314858827448108114e-02
-7.634297037053685564e-01
-8.038202011083059872e-01
-1.145299817667001507e+00
-1.261434359402016314e+00
-1.389642298030989709e+00
-1.272632265333490276e+00
-1.215476812136504936e+00
-1.281150622777739612e+00
-9.928824985274828929e-01
-1.048760102584842313e+00
-1.055578795540545123e+00
-9.661813137802763851e-01
-6.604389551197786812e-01
-8.526397489392366635e-01
-1.124298318045038547e+00
-1.091279794177611784e+00
-7.791045665027831468e-01
-4.429802296659373084e-01
-6.823826388714513413e-01
-1.203926280400284404e-01
-4.528007473823033036e-01
-1.122329527730073079e-01
-5.576965314128382589e-01
-4.254858462201102642e-01
-6.139055339078316464e-01
-5.871983298371816762e-01
-6.030395523234695077e-01
