106.51 677.00
107.54 674.60
108.68 674.20
109.78 672.40
110.85 666.00
112.03 669.80
113.02 666.60
113.97 666.40
115.24 665.80
116.38 670.80
117.61 672.80
118.89 667.80
120.71 664.60
121.93 660.60
123.24 656.40
124.34 648.40
125.46 647.00
126.43 641.20
127.67 638.40
128.98 637.60
130.56 638.20
132.11 636.80
133.31 636.80
134.70 637.20
135.93 638.40
137.23 636.00
138.54 637.80
140.18 637.20
141.44 636.20
143.00 628.20
144.06 626.60
145.31 623.60
146.30 620.20
147.24 618.80
148.10 620.40
149.02 618.40
150.33 616.40
151.67 614.40
153.15 609.60
154.65 606.80
156.39 602.40
157.55 598.60
158.50 599.40
159.68 600.00
160.93 598.60
162.03 599.40
163.13 599.40
164.23 597.00
165.24 595.20
166.04 596.60
166.69 596.00
167.53 593.00
168.54 594.20
169.22 593.60
170.27 591.20
171.39 590.00
172.75 592.20
173.94 587.60
175.12 587.20
175.85 585.40
176.76 584.20
177.22 581.80
178.02 581.20
178.90 579.00
180.36 578.60
181.76 577.20
183.52 576.80
185.07 579.20
186.81 577.40
188.48 577.40
190.14 580.60
191.83 580.00
193.78 576.20
195.53 574.60
197.09 573.40
198.54 574.80
199.60 575.80
200.70 577.40
201.75 581.60
202.85 581.80
204.46 577.40
206.10 577.40
207.66 576.80
209.33 570.40
210.61 568.80
211.71 569.20
212.76 566.20
213.72 565.20
214.78 571.80
216.45 573.60
217.69 572.00
219.02 575.20
220.27 578.00
221.35 575.60
222.12 574.20
222.97 574.20
223.77 574.80
224.37 570.40
225.06 572.40
225.73 570.40
226.53 572.80
227.45 568.40
228.69 568.60
229.90 564.60
231.00 566.60
231.94 563.20
233.04 567.00
233.91 568.40
234.74 571.00
235.37 570.60
236.70 570.20
238.03 567.00
239.45 563.20
241.04 559.20
242.69 557.20
243.92 559.80
245.10 559.40
246.10 562.00
247.18 566.80
248.41 568.20
249.50 567.40
250.51 568.40
251.63 571.60
252.74 572.40
253.78 572.00
254.64 571.60
255.53 576.60
256.51 574.80
257.22 574.20
257.82 575.60
258.39 578.20
258.93 576.80
259.37 579.80
260.41 579.20
261.65 579.20
263.08 579.80
264.71 575.80
266.25 579.00
267.27 582.40
268.10 587.80
268.73 587.20
269.09 593.80
269.77 591.40
271.13 591.00
272.47 587.00
273.84 587.40
275.26 586.40
276.50 583.80
276.96 581.80
277.42 582.60
278.05 583.40
278.60 582.60
279.22 590.60
280.12 595.00
281.22 599.20
282.43 601.60
283.59 604.20
284.55 599.80
285.33 600.80
286.13 601.20
286.65 608.60
287.13 609.00
287.82 611.60
288.80 611.20
290.00 617.00
291.26 611.20
292.80 613.40
294.41 618.00
295.60 619.00
296.76 614.80
297.82 614.80
298.71 616.60
299.74 614.00
300.98 615.60
302.12 613.60
303.35 616.80
304.97 614.60
306.17 611.40
307.27 611.20
308.45 615.80
309.52 613.20
310.20 614.20
310.97 617.20
311.84 618.40
312.54 617.40
313.46 619.20
314.34 620.40
315.24 621.00
316.00 621.00
316.65 620.60
317.36 620.80
318.00 618.40
318.55 616.80
319.23 615.00
319.89 615.40
320.38 611.00
320.95 608.80
321.50 608.80
321.95 603.80
322.40 602.40
322.95 607.60
323.51 619.60
324.16 623.60
324.80 627.00
325.46 629.60
326.01 631.40
326.45 624.20
326.89 628.00
327.33 634.80
327.98 638.00
328.61 639.60
329.38 646.80
330.43 646.00
331.40 647.80
332.38 652.40
333.46 653.80
334.41 653.80
335.34 655.20
336.35 656.20
337.43 655.60
338.47 657.40
339.98 659.60
341.17 660.60
342.60 664.80
343.90 667.60
345.09 667.80
346.15 668.40
347.27 668.00
348.37 662.60
349.42 661.60
350.88 662.80
352.26 662.20
353.56 663.80
354.83 667.00
355.91 665.80
356.67 666.20
357.48 664.60
358.71 666.60
359.79 668.00
360.89 669.80
362.32 671.80
363.87 674.20
365.30 675.60
366.70 678.40
368.32 681.40
369.50 682.80
370.59 686.40
371.69 685.20
372.79 683.00
373.97 679.20
375.18 679.00
376.28 675.40
377.27 677.20
378.58 678.00
380.00 687.40
381.66 690.60
383.58 694.40
385.33 693.00
386.87 693.80
388.06 688.00
389.59 682.80
390.73 676.20
392.16 674.40
393.55 668.40
395.35 665.00
396.56 663.80
397.91 668.60
399.13 671.00
400.75 679.40
401.90 679.80
403.26 682.40
404.65 686.00
406.56 679.80
407.92 667.60
409.51 663.60
410.91 658.60
412.47 651.00
413.90 649.60
415.33 634.80
417.06 598.00
419.86 564.80
422.26 525.40
424.51 492.20
427.10 472.80
429.17 475.60
430.68 470.40
432.62 472.80
434.17 470.80
435.58 474.20
437.91 486.00
440.17 523.80
441.96 553.20
444.18 588.40
446.62 614.60
448.14 635.40
449.63 637.40
451.19 644.40
452.90 649.80
454.16 658.40
456.04 658.40
457.81 651.80
459.72 644.40
461.08 634.20
462.64 626.20
463.98 620.80
465.01 619.80
465.84 620.80
467.07 619.40
468.75 612.40
470.00 608.00
471.38 597.20
473.81 564.20
475.88 537.00
478.05 513.60
480.24 488.20
482.27 468.20
483.78 467.00
485.76 465.80
487.30 468.80
489.62 467.40
491.95 463.80
494.28 462.40
496.56 456.60
498.52 452.60
500.58 448.20
502.65 445.60
504.17 449.80
505.74 445.40
507.75 439.00
508.92 436.20
510.58 429.60
512.70 416.80
514.32 413.80
515.95 410.60
517.54 401.40
519.12 399.40
520.29 395.40
521.99 388.80
523.65 382.20
525.33 379.20
526.50 377.00
528.15 372.40
529.51 373.60
530.47 372.80
532.14 374.60
534.25 372.00
535.88 374.40
537.24 373.20
539.39 373.60
540.82 374.40
542.76 373.40
544.94 369.40
547.13 370.60
548.95 367.20
550.76 361.60
552.20 363.20
553.70 366.60
555.89 368.00
557.63 370.20
559.88 375.60
562.02 373.80
564.40 369.60
566.60 364.20
569.48 362.20
572.27 357.60
576.07 366.00
579.73 372.20
583.36 378.80
586.66 385.40
589.93 392.40
592.22 388.20
594.42 390.80
596.52 387.80
598.71 381.80
600.90 378.40
603.00 379.00
605.20 373.80
607.83 372.80
610.57 373.80
613.30 370.20
615.94 365.20
619.45 370.00
622.63 373.40
625.61 377.60
628.68 385.80
631.76 394.20
633.95 400.20
636.04 399.20
638.34 401.80
640.44 403.00
642.63 404.60
644.93 408.20
647.56 409.40
650.19 403.20
653.26 401.00
656.44 398.00
659.42 387.60
662.59 392.00
665.57 400.00
668.20 400.20
670.74 401.20
673.37 405.20
675.81 408.60
678.00 411.40
679.97 421.20
681.85 431.80
683.51 443.60
684.57 444.40
685.79 450.40
686.90 444.00
688.00 434.60
688.98 421.40
689.98 416.00
690.86 408.60
691.83 413.20
692.72 416.00
693.60 420.60
694.48 427.80
695.36 433.40
696.13 435.80
697.10 443.20
698.41 453.40
699.64 450.60
700.95 445.00
702.27 440.00
703.49 431.80
704.38 422.00
705.35 422.80
706.43 425.40
707.84 431.00
709.02 438.40
710.34 450.20
711.97 468.00
713.29 486.40
714.28 499.60
715.39 511.00
716.60 512.80
717.40 507.40
718.37 488.80
719.60 470.40
720.92 456.40
722.10 442.00
723.32 428.60
724.44 431.40
725.41 435.20
726.28 434.60
727.39 443.60
728.47 452.40
729.78 463.00
731.09 479.80
732.84 498.40
734.26 511.00
735.89 534.60
737.31 543.00
738.54 547.80
739.34 555.40
740.22 561.20
740.86 559.80
741.64 564.60
742.41 566.40
743.08 560.80
743.86 557.60
744.75 549.40
745.63 545.40
746.58 530.20
747.77 526.60
749.09 505.80
750.65 486.00
752.86 469.00
755.50 461.00
758.13 445.80
760.76 446.00
763.39 443.40
765.51 436.20
767.17 431.80
768.51 424.00
769.85 420.00
770.83 419.00
771.48 418.00
772.26 422.60
773.11 430.00
773.54 433.20
774.07 438.80
774.72 441.80
775.28 437.40
776.16 430.40
777.05 426.20
778.09 421.40
779.05 425.00
779.93 425.40
780.58 429.40
781.44 429.60
782.00 431.20
782.56 428.40
783.21 432.40
783.81 437.20
784.25 446.20
784.68 451.80
785.21 458.20
785.65 462.80
786.18 464.80
787.09 463.40
788.42 453.80
789.91 446.60
791.57 436.80
793.34 426.40
795.09 426.00
796.84 432.40
