#	Prior	for	TALDICE	from	AICC2012.
0	0.08743	0.03			
1	0.08743	0.03			
2	0.08743	0.03			
3	0.08743	0.03			
4	0.08743	0.03			
5	0.08743	0.03			
6	0.08743	0.03			
7	0.08743	0.03			
8	0.08743	0.03			
9	0.08743	0.03			
10	0.08743	0.03			
11	0.08743	0.03			
12	0.08743	0.03			
13	0.08743	0.03			
14	0.08743	0.03			
15	0.08743	0.03			
16	0.08739	0.03			
17	0.07904	0.03			
18	0.07904	0.03			
19	0.07904	0.03			
20	0.07904	0.03			
21	0.07904	0.03			
22	0.07904	0.03			
23	0.07904	0.03			
24	0.07904	0.03			
25	0.07904	0.03			
26	0.07904	0.03			
27	0.07904	0.03			
28	0.07908	0.03			
29	0.08069	0.03			
30	0.08069	0.03			
31	0.08069	0.03			
32	0.08069	0.03			
33	0.08069	0.03			
34	0.08069	0.03			
35	0.08069	0.03			
36	0.08069	0.03			
37	0.08069	0.03			
38	0.08069	0.03			
39	0.08063	0.03			
40	0.07925	0.03			
41	0.07925	0.03			
42	0.07925	0.03			
43	0.07925	0.03			
44	0.07925	0.03			
45	0.07925	0.03			
46	0.07925	0.03			
47	0.07925	0.03			
48	0.07925	0.03			
49	0.07905	0.03			
50	0.07617	0.03			
51	0.07617	0.03			
52	0.07617	0.03			
53	0.07617	0.03			
54	0.07617	0.03			
55	0.07617	0.03			
56	0.07617	0.03			
57	0.07617	0.03			
58	0.0759	0.03			
59	0.07273	0.03			
60	0.07273	0.03			
61	0.07273	0.03			
62	0.07273	0.03			
63	0.07273	0.03			
64	0.07273	0.03			
65	0.07273	0.03			
66	0.07299	0.03			
67	0.07677	0.03			
68	0.07677	0.03			
69	0.07677	0.03			
70	0.07677	0.03			
71	0.07677	0.03			
72	0.07677	0.03			
73	0.07677	0.03			
74	0.07685	0.03			
75	0.07871	0.03			
76	0.07871	0.03			
77	0.07871	0.03			
78	0.07871	0.03			
79	0.07871	0.03			
80	0.07871	0.03			
81	0.07871	0.03			
82	0.07867	0.03			
83	0.07737	0.03			
84	0.07737	0.03			
85	0.07737	0.03			
86	0.07737	0.03			
87	0.07737	0.03			
88	0.07737	0.03			
89	0.07737	0.03			
90	0.07744	0.03			
91	0.07832	0.03			
92	0.07832	0.03			
93	0.07832	0.03			
94	0.07832	0.03			
95	0.07832	0.03			
96	0.07832	0.03			
97	0.07832	0.03			
98	0.07883	0.03			
99	0.08298	0.03			
100	0.08298	0.03			
101	0.08298	0.03			
102	0.08298	0.03			
103	0.08298	0.03			
104	0.08298	0.03			
105	0.08297	0.03			
106	0.07851	0.03			
107	0.07851	0.03			
108	0.07851	0.03			
109	0.07851	0.03			
110	0.07851	0.03			
111	0.07851	0.03			
112	0.07851	0.03			
113	0.07842	0.03			
114	0.07749	0.03			
115	0.07749	0.03			
116	0.07749	0.03			
117	0.07749	0.03			
118	0.07749	0.03			
119	0.07749	0.03			
120	0.07757	0.03			
121	0.07862	0.03			
122	0.07862	0.03			
123	0.07862	0.03			
124	0.07862	0.03			
125	0.07862	0.03			
126	0.07862	0.03			
127	0.07873	0.03			
128	0.08129	0.03			
129	0.08129	0.03			
130	0.08129	0.03			
131	0.08129	0.03			
132	0.08129	0.03			
133	0.08129	0.03			
134	0.08129	0.03			
135	0.08066	0.03			
136	0.07582	0.03			
137	0.07582	0.03			
138	0.07582	0.03			
139	0.07582	0.03			
140	0.07582	0.03			
141	0.07584	0.03			
142	0.08367	0.03			
143	0.08367	0.03			
144	0.08367	0.03			
145	0.08367	0.03			
146	0.08367	0.03			
147	0.08367	0.03			
148	0.08367	0.03			
149	0.08324	0.03			
150	0.07741	0.03			
151	0.07741	0.03			
152	0.07741	0.03			
153	0.07741	0.03			
154	0.07741	0.03			
155	0.07741	0.03			
156	0.07746	0.03			
157	0.07811	0.03			
158	0.07811	0.03			
159	0.07811	0.03			
160	0.07811	0.03			
161	0.07811	0.03			
162	0.07811	0.03			
163	0.07843	0.03			
164	0.08188	0.03			
165	0.08188	0.03			
166	0.08188	0.03			
167	0.08188	0.03			
168	0.08188	0.03			
169	0.08188	0.03			
170	0.08191	0.03			
171	0.08254	0.03			
172	0.08254	0.03			
173	0.08254	0.03			
174	0.08254	0.03			
175	0.08254	0.03			
176	0.08254	0.03			
177	0.08256	0.03			
178	0.0835	0.03			
179	0.0835	0.03			
180	0.0835	0.03			
181	0.0835	0.03			
182	0.0835	0.03			
183	0.0835	0.03			
184	0.0835	0.03			
185	0.08261	0.03			
186	0.07606	0.03			
187	0.07606	0.03			
188	0.07606	0.03			
189	0.07606	0.03			
190	0.07606	0.03			
191	0.07629	0.03			
192	0.08121	0.03			
193	0.08121	0.03			
194	0.08121	0.03			
195	0.08121	0.03			
196	0.08121	0.03			
197	0.08121	0.03			
198	0.08124	0.03			
199	0.08187	0.03			
200	0.08187	0.03			
201	0.08187	0.03			
202	0.08187	0.03			
203	0.08187	0.03			
204	0.08187	0.03			
205	0.08203	0.03			
206	0.08561	0.03			
207	0.08561	0.03			
208	0.08561	0.03			
209	0.08561	0.03			
210	0.08561	0.03			
211	0.08561	0.03			
212	0.0856	0.03			
213	0.08208	0.03			
214	0.08208	0.03			
215	0.08208	0.03			
216	0.08208	0.03			
217	0.08208	0.03			
218	0.08208	0.03			
219	0.08213	0.03			
220	0.08477	0.03			
221	0.08477	0.03			
222	0.08477	0.03			
223	0.08477	0.03			
224	0.08477	0.03			
225	0.08477	0.03			
226	0.08477	0.03			
227	0.08424	0.03			
228	0.08066	0.03			
229	0.08066	0.03			
230	0.08066	0.03			
231	0.08066	0.03			
232	0.08066	0.03			
233	0.08063	0.03			
234	0.08007	0.03			
235	0.08007	0.03			
236	0.08007	0.03			
237	0.08007	0.03			
238	0.08007	0.03			
239	0.08007	0.03			
240	0.07998	0.03			
241	0.07911	0.03			
242	0.07911	0.03			
243	0.07911	0.03			
244	0.07911	0.03			
245	0.07911	0.03			
246	0.07918	0.03			
247	0.08229	0.03			
248	0.08229	0.03			
249	0.08229	0.03			
250	0.08229	0.03			
251	0.08229	0.03			
252	0.08229	0.03			
253	0.08205	0.03			
254	0.0785	0.03			
255	0.0785	0.03			
256	0.0785	0.03			
257	0.0785	0.03			
258	0.0785	0.03			
259	0.07852	0.03			
260	0.08372	0.03			
261	0.08372	0.03			
262	0.08372	0.03			
263	0.08372	0.03			
264	0.08372	0.03			
265	0.08372	0.03			
266	0.08353	0.03			
267	0.07939	0.03			
268	0.07939	0.03			
269	0.07939	0.03			
270	0.07939	0.03			
271	0.07939	0.03			
272	0.07939	0.03			
273	0.07949	0.03			
274	0.08022	0.03			
275	0.08022	0.03			
276	0.08022	0.03			
277	0.08022	0.03			
278	0.08022	0.03			
279	0.08041	0.03			
280	0.08267	0.03			
281	0.08267	0.03			
282	0.08267	0.03			
283	0.08267	0.03			
284	0.08267	0.03			
285	0.08267	0.03			
286	0.08202	0.03			
287	0.07793	0.03			
288	0.07793	0.03			
289	0.07793	0.03			
290	0.07793	0.03			
291	0.07793	0.03			
292	0.07809	0.03			
293	0.07928	0.03			
294	0.07928	0.03			
295	0.07928	0.03			
296	0.07928	0.03			
297	0.07928	0.03			
298	0.07967	0.03			
299	0.08348	0.03			
300	0.08348	0.03			
301	0.08348	0.03			
302	0.08348	0.03			
303	0.08348	0.03			
304	0.08348	0.03			
305	0.08352	0.03			
306	0.08352	0.03			
307	0.08352	0.03			
308	0.08352	0.03			
309	0.08352	0.03			
310	0.08352	0.03			
311	0.08327	0.03			
312	0.08114	0.03			
313	0.08114	0.03			
314	0.08114	0.03			
315	0.08114	0.03			
316	0.08114	0.03			
317	0.08072	0.03			
318	0.07597	0.03			
319	0.07597	0.03			
320	0.07597	0.03			
321	0.07597	0.03			
322	0.07597	0.03			
323	0.07678	0.03			
324	0.08394	0.03			
325	0.08394	0.03			
326	0.08394	0.03			
327	0.08394	0.03			
328	0.08394	0.03			
329	0.08355	0.03			
330	0.07727	0.03			
331	0.07727	0.03			
332	0.07727	0.03			
333	0.07727	0.03			
334	0.07727	0.03			
335	0.07755	0.03			
336	0.08058	0.03			
337	0.08058	0.03			
338	0.08058	0.03			
339	0.08058	0.03			
340	0.08058	0.03			
341	0.08078	0.03			
342	0.0832	0.03			
343	0.0832	0.03			
344	0.0832	0.03			
345	0.0832	0.03			
346	0.0832	0.03			
347	0.08292	0.03			
348	0.07807	0.03			
349	0.07807	0.03			
350	0.07807	0.03			
351	0.07807	0.03			
352	0.07807	0.03			
353	0.07806	0.03			
354	0.07805	0.03			
355	0.07805	0.03			
356	0.07805	0.03			
357	0.07805	0.03			
358	0.07805	0.03			
359	0.07812	0.03			
360	0.07861	0.03			
361	0.07861	0.03			
362	0.07861	0.03			
363	0.07861	0.03			
364	0.07868	0.03			
365	0.08431	0.03			
366	0.08431	0.03			
367	0.08431	0.03			
368	0.08431	0.03			
369	0.08431	0.03			
370	0.08431	0.03			
371	0.08298	0.03			
372	0.07538	0.03			
373	0.07538	0.03			
374	0.07538	0.03			
375	0.07538	0.03			
376	0.07544	0.03			
377	0.07593	0.03			
378	0.07593	0.03			
379	0.07593	0.03			
380	0.07593	0.03			
381	0.07583	0.03			
382	0.06989	0.03			
383	0.06989	0.03			
384	0.06989	0.03			
385	0.06989	0.03			
386	0.07007	0.03			
387	0.07878	0.03			
388	0.07878	0.03			
389	0.07878	0.03			
390	0.07878	0.03			
391	0.07878	0.03			
392	0.07869	0.03			
393	0.07778	0.03			
394	0.07778	0.03			
395	0.07778	0.03			
396	0.07778	0.03			
397	0.07771	0.03			
398	0.07149	0.03			
399	0.07149	0.03			
400	0.07149	0.03			
401	0.07149	0.03			
402	0.07157	0.03			
403	0.07981	0.03			
404	0.07981	0.03			
405	0.07981	0.03			
406	0.07981	0.03			
407	0.07981	0.03			
408	0.07914	0.03			
409	0.07287	0.03			
410	0.07287	0.03			
411	0.07287	0.03			
412	0.07287	0.03			
413	0.07305	0.03			
414	0.07488	0.03			
415	0.07488	0.03			
416	0.07488	0.03			
417	0.07488	0.03			
418	0.07507	0.03			
419	0.07789	0.03			
420	0.07789	0.03			
421	0.07789	0.03			
422	0.07789	0.03			
423	0.07789	0.03			
424	0.0772	0.03			
425	0.07368	0.03			
426	0.07368	0.03			
427	0.07368	0.03			
428	0.07368	0.03			
429	0.07404	0.03			
430	0.07592	0.03			
431	0.07592	0.03			
432	0.07592	0.03			
433	0.07592	0.03			
434	0.07631	0.03			
435	0.07868	0.03			
436	0.07868	0.03			
437	0.07868	0.03			
438	0.07868	0.03			
439	0.07831	0.03			
440	0.07533	0.03			
441	0.07533	0.03			
442	0.07533	0.03			
443	0.07533	0.03			
444	0.07531	0.03			
445	0.07521	0.03			
446	0.07521	0.03			
447	0.07521	0.03			
448	0.07521	0.03			
449	0.07559	0.03			
450	0.07884	0.03			
451	0.07884	0.03			
452	0.07884	0.03			
453	0.07884	0.03			
454	0.07877	0.03			
455	0.07796	0.03			
456	0.07796	0.03			
457	0.07796	0.03			
458	0.07796	0.03			
459	0.07748	0.03			
460	0.07022	0.03			
461	0.07022	0.03			
462	0.07022	0.03			
463	0.07022	0.03			
464	0.07052	0.03			
465	0.07242	0.03			
466	0.07242	0.03			
467	0.07242	0.03			
468	0.07242	0.03			
469	0.07204	0.03			
470	0.07029	0.03			
471	0.07029	0.03			
472	0.07029	0.03			
473	0.07046	0.03			
474	0.07195	0.03			
475	0.07195	0.03			
476	0.07195	0.03			
477	0.07195	0.03			
478	0.0721	0.03			
479	0.07289	0.03			
480	0.07289	0.03			
481	0.07289	0.03			
482	0.07289	0.03			
483	0.07288	0.03			
484	0.07288	0.03			
485	0.07288	0.03			
486	0.07288	0.03			
487	0.073	0.03			
488	0.07374	0.03			
489	0.07374	0.03			
490	0.07374	0.03			
491	0.07369	0.03			
492	0.07204	0.03			
493	0.07204	0.03			
494	0.07204	0.03			
495	0.07204	0.03			
496	0.07196	0.03			
497	0.07148	0.03			
498	0.07148	0.03			
499	0.07148	0.03			
500	0.07127	0.03			
501	0.0685	0.03			
502	0.0685	0.03			
503	0.0685	0.03			
504	0.06855	0.03			
505	0.06992	0.03			
506	0.06992	0.03			
507	0.06992	0.03			
508	0.06992	0.03			
509	0.06986	0.03			
510	0.06957	0.03			
511	0.06957	0.03			
512	0.06957	0.03			
513	0.0699	0.03			
514	0.07167	0.03			
515	0.07167	0.03			
516	0.07167	0.03			
517	0.07105	0.03			
518	0.06653	0.03			
519	0.06653	0.03			
520	0.06653	0.03			
521	0.06717	0.03			
522	0.07144	0.03			
523	0.07144	0.03			
524	0.07144	0.03			
525	0.07147	0.03			
526	0.07179	0.03			
527	0.07179	0.03			
528	0.07179	0.03			
529	0.07176	0.03			
530	0.0714	0.03			
531	0.0714	0.03			
532	0.0714	0.03			
533	0.07141	0.03			
534	0.07161	0.03			
535	0.07161	0.03			
536	0.07161	0.03			
537	0.07163	0.03			
538	0.07319	0.03			
539	0.07319	0.03			
540	0.07319	0.03			
541	0.07319	0.03			
542	0.07306	0.03			
543	0.07248	0.03			
544	0.07248	0.03			
545	0.07248	0.03			
546	0.07246	0.03			
547	0.07236	0.03			
548	0.07236	0.03			
549	0.07236	0.03			
550	0.07275	0.03			
551	0.0747	0.03			
552	0.0747	0.03			
553	0.0747	0.03			
554	0.07477	0.03			
555	0.07519	0.03			
556	0.07519	0.03			
557	0.07519	0.03			
558	0.07503	0.03			
559	0.07394	0.03			
560	0.07394	0.03			
561	0.07394	0.03			
562	0.07432	0.03			
563	0.07696	0.03			
564	0.07696	0.03			
565	0.07696	0.03			
566	0.07708	0.03			
567	0.0782	0.03			
568	0.0782	0.03			
569	0.0782	0.03			
570	0.07824	0.03			
571	0.07888	0.03			
572	0.07888	0.03			
573	0.07888	0.03			
574	0.07885	0.03			
575	0.07467	0.03			
576	0.07467	0.03			
577	0.07467	0.03			
578	0.07471	0.03			
579	0.07607	0.03			
580	0.07607	0.03			
581	0.07607	0.03			
582	0.07607	0.03			
583	0.07601	0.03			
584	0.07601	0.03			
585	0.07601	0.03			
586	0.07604	0.03			
587	0.07652	0.03			
588	0.07652	0.03			
589	0.07652	0.03			
590	0.07624	0.03			
591	0.07304	0.03			
592	0.07304	0.03			
593	0.07304	0.03			
594	0.07359	0.03			
595	0.07713	0.03			
596	0.07713	0.03			
597	0.07713	0.03			
598	0.07708	0.03			
599	0.07684	0.03			
600	0.07684	0.03			
601	0.07684	0.03			
602	0.07627	0.03			
603	0.07375	0.03			
604	0.07375	0.03			
605	0.07374	0.03			
606	0.07355	0.03			
607	0.07355	0.03			
608	0.07355	0.03			
609	0.07363	0.03			
610	0.07422	0.03			
611	0.07422	0.03			
612	0.07422	0.03			
613	0.07428	0.03			
614	0.07453	0.03			
615	0.07453	0.03			
616	0.07453	0.03			
617	0.0746	0.03			
618	0.0746	0.03			
619	0.0746	0.03			
620	0.07441	0.03			
621	0.07341	0.03			
622	0.07341	0.03			
623	0.07349	0.03			
624	0.07672	0.03			
625	0.07672	0.03			
626	0.07672	0.03			
627	0.07683	0.03			
628	0.07767	0.03			
629	0.07767	0.03			
630	0.07767	0.03			
631	0.07595	0.03			
632	0.06891	0.03			
633	0.06891	0.03			
634	0.06985	0.03			
635	0.07548	0.03			
636	0.07548	0.03			
637	0.07548	0.03			
638	0.07541	0.03			
639	0.07515	0.03			
640	0.07515	0.03			
641	0.07501	0.03			
642	0.07416	0.03			
643	0.07416	0.03			
644	0.07426	0.03			
645	0.07731	0.03			
646	0.07731	0.03			
647	0.07731	0.03			
648	0.07659	0.03			
649	0.07282	0.03			
650	0.07282	0.03			
651	0.07302	0.03			
652	0.07503	0.03			
653	0.07503	0.03			
654	0.07503	0.03			
655	0.07402	0.03			
656	0.07052	0.03			
657	0.07052	0.03			
658	0.0716	0.03			
659	0.07622	0.03			
660	0.07622	0.03			
661	0.07635	0.03			
662	0.07742	0.03			
663	0.07742	0.03			
664	0.07742	0.03			
665	0.07711	0.03			
666	0.07602	0.03			
667	0.07602	0.03			
668	0.07622	0.03			
669	0.0772	0.03			
670	0.0772	0.03			
671	0.07711	0.03			
672	0.07623	0.03			
673	0.07623	0.03			
674	0.07623	0.03			
675	0.07593	0.03			
676	0.07493	0.03			
677	0.07493	0.03			
678	0.07533	0.03			
679	0.07695	0.03			
680	0.07695	0.03			
681	0.07606	0.03			
682	0.07131	0.03			
683	0.07131	0.03			
684	0.07074	0.03			
685	0.06788	0.03			
686	0.06788	0.03			
687	0.06875	0.03			
688	0.07246	0.03			
689	0.07246	0.03			
690	0.0716	0.03			
691	0.06809	0.03			
692	0.06809	0.0304577508			
693	0.06827	0.032289912			
694	0.06886	0.0341543473			
695	0.06886	0.0360009281			
696	0.06767	0.0378301007			
697	0.06433	0.0396720293			
698	0.06374	0.0415536151			
699	0.06	0.0434182823			
700	0.06	0.0453016042			
701	0.06083	0.0471115501			
702	0.06326	0.0488015495			
703	0.06292	0.0503439085			
704	0.06048	0.0517913859			
705	0.06048	0.0531713014			
706	0.06021	0.0544399937			
707	0.05944	0.055592854			
708	0.05935	0.0566335853			
709	0.0589	0.0575534847			
710	0.05889	0.0583573706			
711	0.05753	0.0590442655			
712	0.05753	0.059630051			
713	0.05787	0.0601093309			
714	0.05885	0.0604904263			
715	0.05838	0.0607844967			
716	0.0562	0.0610095968			
717	0.05633	0.0611800129			
718	0.05791	0.0612983358			
719	0.05791	0.0613783126			
720	0.0583	0.0614341734			
721	0.05934	0.0614760316			
722	0.05917	0.0615124871			
723	0.05854	0.0615512378			
724	0.05852	0.0615985685			
725	0.05836	0.0616575697			
726	0.05836	0.0617299844			
727	0.05805	0.0618153437			
728	0.0573	0.0619116205			
729	0.05712	0.0620152778			
730	0.05659	0.0621184366			
731	0.05714	0.062212456			
732	0.05927	0.0622857903			
733	0.05915	0.0623261277			
734	0.0581	0.0623243662			
735	0.0581	0.0622680496			
736	0.05772	0.0621445146			
737	0.05686	0.0619407721			
738	0.05748	0.0616365825			
739	0.05921	0.0612331622			
740	0.05888	0.0607328226			
741	0.0577	0.0601206596			
742	0.05759	0.0593739922			
743	0.05697	0.0585041395			
744	0.05712	0.0575089598			
745	0.05916	0.056402273			
746	0.05916	0.0552299964			
747	0.05967	0.0539768946			
748	0.06096	0.0526659534			
749	0.0604	0.0513293503			
750	0.05863	0.0499480045			
751	0.05897	0.0485196907			
752	0.06045	0.0471107301			
753	0.06072	0.0457651438			
754	0.06447	0.0444888409			
755	0.06447	0.0433537595			
756	0.06539	0.0423112417			
757	0.0683	0.0413873497			
758	0.06795	0.0406047166			
759	0.06468	0.0399391284			
760	0.06468	0.0393856813			
761	0.06568	0.0389813018			
762	0.0686	0.0387368619			
763	0.06853	0.0386483114			
764	0.0681	0.0387049832			
765	0.0681	0.0389059243			
766	0.06779	0.0392478324			
767	0.06689	0.03972706			
768	0.06622	0.040341752			
769	0.06301	0.0410878728			
770	0.06286	0.0419816768			
771	0.05994	0.0429881887			
772	0.05994	0.0441384827			
773	0.06031	0.0453631061			
774	0.06117	0.0466349712			
775	0.06089	0.0479241126			
776	0.06015	0.0492341968			
777	0.05995	0.0505551437			
778	0.0593	0.0518638014			
779	0.06016	0.0531504898			
780	0.06379	0.0543739256			
781	0.06356	0.0554901314			
782	0.06037	0.0565541242			
783	0.06037	0.0576089641			
784	0.05899	0.0586071476			
785	0.05613	0.0595642891			
786	0.0562	0.0605025517			
787	0.05634	0.0613844989			
788	0.05677	0.0622137578			
789	0.05769	0.0630011431			
790	0.05752	0.063751122			
791	0.05716	0.064490798			
792	0.05696	0.0652358904			
793	0.05654	0.0659956897			
794	0.05705	0.0667858141			
795	0.0582	0.0676041558			
796	0.05753	0.0684519455			
797	0.05603	0.0693589023			
798	0.05549	0.0703474118			
799	0.05435	0.0714105196			
800	0.05384	0.0725655989			
801	0.05279	0.0738002896			
802	0.05185	0.0751313932			
803	0.05153	0.0765537919			
804	0.05011	0.0780499714			
805	0.05036	0.0796379463			
806	0.05102	0.081267804			
807	0.05168	0.0829093237			
808	0.05314	0.084548578			
809	0.05223	0.0861604304			
810	0.05013	0.0877910051			
811	0.04684	0.089479257			
812	0.04668	0.0912518362			
813	0.04631	0.0929909192			
814	0.04647	0.0946878948			
815	0.04638	0.0963151294			
816	0.04513	0.0978749776			
817	0.04557	0.099387953			
818	0.04605	0.100803458			
819	0.04306	0.1021181822			
820	0.044	0.1034161028			
821	0.04576	0.1045876363			
822	0.0429	0.105629417			
823	0.04287	0.1066285872			
824	0.04282	0.1075289245			
825	0.04286	0.1083309452			
826	0.0426	0.1090336205			
827	0.04173	0.1096458196			
828	0.04019	0.110175721			
829	0.04053	0.1106285842			
830	0.04138	0.1109873285			
831	0.04208	0.1112606372			
832	0.04186	0.1114585976			
833	0.04068	0.1115976584			
834	0.04036	0.1116854778			
835	0.04362	0.1117282112			
836	0.04228	0.1117351717			
837	0.04005	0.1117172434			
838	0.03981	0.1116788765			
839	0.04121	0.1116276512			
840	0.04126	0.1115720815			
841	0.0414	0.1115156437			
842	0.04154	0.1114618656			
843	0.04179	0.111413013			
844	0.04194	0.111370839			
845	0.04154	0.111335827			
846	0.04162	0.1113085809			
847	0.04191	0.1112904534			
848	0.04179	0.1112831918			
849	0.04037	0.1112899248			
850	0.04021	0.1113159569			
851	0.04014	0.1113682769			
852	0.04068	0.1114554393			
853	0.04147	0.111583705			
854	0.04136	0.1117583825			
855	0.04139	0.111989292			
856	0.0418	0.1122792421			
857	0.04213	0.1126255712			
858	0.04189	0.1130252465			
859	0.04066	0.1134746814			
860	0.03929	0.1139730918			
861	0.03999	0.1145095472			
862	0.04003	0.1150331256			
863	0.03998	0.1155259897			
864	0.04004	0.1159622401			
865	0.04062	0.1163146868			
866	0.04013	0.1165586228			
867	0.0392	0.1166803839			
868	0.03892	0.1166635687			
869	0.0391	0.1164971626			
870	0.03888	0.1161863562			
871	0.03952	0.1157425904			
872	0.04005	0.1151979449			
873	0.03988	0.1145828981			
874	0.04061	0.1139215441			
875	0.04129	0.1132594178			
876	0.04222	0.1126282654			
877	0.04206	0.1120574329			
878	0.04164	0.1115533917			
879	0.04131	0.1111328009			
880	0.041	0.1108126601			
881	0.04139	0.1106029041			
882	0.04175	0.1105072032			
883	0.04123	0.1105184395			
884	0.04079	0.1106286124			
885	0.04103	0.1108282472			
886	0.04096	0.1110981287			
887	0.04141	0.1114202279			
888	0.04187	0.1117706622			
889	0.04235	0.1121288103			
890	0.0418	0.1124760324			
891	0.04091	0.1128030648			
892	0.04087	0.113095443			
893	0.03986	0.1133343302			
894	0.03898	0.1135137312			
895	0.04019	0.1136253403			
896	0.04176	0.1136671204			
897	0.04126	0.1136525541			
898	0.04044	0.1135950276			
899	0.04	0.1135079068			
900	0.03975	0.1134095749			
901	0.04043	0.1133209616			
902	0.04127	0.1132633421			
903	0.04227	0.1132520748			
904	0.04168	0.1132970341			
905	0.04085	0.1134081135			
906	0.04082	0.1135948778			
907	0.04021	0.1138571518			
908	0.03933	0.1141971472			
909	0.03885	0.1146132897			
910	0.03891	0.1150921947			
911	0.04028	0.1156114145			
912	0.04079	0.1161349598			
913	0.04067	0.1166503131			
914	0.03958	0.1171423382			
915	0.03916	0.1175949532			
916	0.03908	0.1179694473			
917	0.04032	0.1182331438			
918	0.03993	0.1183601632			
919	0.03897	0.118341993			
920	0.03855	0.1181619555			
921	0.03882	0.1178177798			
922	0.03846	0.1173319391			
923	0.03787	0.1167263644			
924	0.03802	0.1160383546			
925	0.0394	0.1153315139			
926	0.04113	0.1146804326			
927	0.04286	0.1141238873			
928	0.04137	0.1136775322			
929	0.04078	0.1133250114			
930	0.04216	0.113077709			
931	0.04253	0.1129275455			
932	0.04235	0.1128369195			
933	0.04056	0.1127656071			
934	0.03916	0.112665244			
935	0.03886	0.1124830906			
936	0.03925	0.112176762			
937	0.04091	0.1117231108			
938	0.0415	0.1111421986			
939	0.04252	0.1104473848			
940	0.04284	0.1096829462			
941	0.0427	0.1088864863			
942	0.04258	0.1081052231			
943	0.04197	0.1074009442			
944	0.04161	0.1068316408			
945	0.04141	0.1064637706			
946	0.04382	0.1063506258			
947	0.04628	0.1065104656			
948	0.04377	0.1069126194			
949	0.04287	0.107589177			
950	0.0418	0.1085242067			
951	0.04221	0.1096962146			
952	0.04213	0.1110087314			
953	0.04038	0.1124083524			
954	0.03882	0.1138782492			
955	0.03876	0.115340267			
956	0.03934	0.1166662702			
957	0.03863	0.1177872273			
958	0.03908	0.1186981468			
959	0.04006	0.1193586304			
960	0.03904	0.1197754998			
961	0.03887	0.1199768845			
962	0.03896	0.1199718828			
963	0.03776	0.119782273			
964	0.03783	0.1194156391			
965	0.03982	0.1189023032			
966	0.04073	0.1182951866			
967	0.03966	0.1176083741			
968	0.03906	0.1168285446			
969	0.03921	0.115987412			
970	0.03909	0.1151322972			
971	0.03909	0.1143015558			
972	0.03987	0.1135481425			
973	0.04041	0.1129321454			
974	0.04145	0.112486577			
975	0.04259	0.1122398269			
976	0.04169	0.1121835802			
977	0.04088	0.11230868			
978	0.04133	0.1125874702			
979	0.04178	0.1129586784			
980	0.04167	0.1133446593			
981	0.04129	0.1136677327			
982	0.04101	0.1138441676			
983	0.04049	0.1138009614			
984	0.03852	0.1134848874			
985	0.03704	0.1128450154			
986	0.03952	0.1118919825			
987	0.04199	0.1108144283			
988	0.04333	0.1097436662			
989	0.04489	0.1087639129			
990	0.04372	0.1079581505			
991	0.04311	0.1073605242			
992	0.04349	0.1070450185			
993	0.04228	0.1070471221			
994	0.04193	0.1073607433			
995	0.04271	0.1079491781			
996	0.04222	0.1087082352			
997	0.04145	0.1095486859			
998	0.04162	0.1103568188			
999	0.04159	0.110988084			
1000	0.04072	0.1113371031			
1001	0.0408	0.1113164195			
1002	0.04173	0.1108695194			
1003	0.04175	0.1100164937			
1004	0.04211	0.1087965942			
1005	0.04271	0.1073015629			
1006	0.04331	0.1056548069			
1007	0.0442	0.1039864568			
1008	0.04443	0.1024285689			
1009	0.04449	0.1010731759			
1010	0.04511	0.1000191149			
1011	0.04517	0.099345281			
1012	0.04468	0.0990903489			
1013	0.04551	0.0992735668			
1014	0.04586	0.0998653362			
1015	0.04488	0.1008125369			
1016	0.04465	0.1020584618			
1017	0.04503	0.1034891676			
1018	0.04405	0.1049615586			
1019	0.04314	0.1063849374			
1020	0.0424	0.1076269906			
1021	0.04136	0.1085657125			
1022	0.04081	0.1091179607			
1023	0.0404	0.1092413851			
1024	0.04122	0.1089648551			
1025	0.0427	0.1083979353			
1026	0.04357	0.1076885766			
1027	0.04384	0.1069525548			
1028	0.04398	0.106274996			
1029	0.04371	0.1057129074			
1030	0.04321	0.1052796751			
1031	0.04371	0.1049469331			
1032	0.04471	0.1046490541			
1033	0.04426	0.1042884869			
1034	0.04288	0.1037444503			
1035	0.04283	0.1028858957			
1036	0.0436	0.1016425482			
1037	0.04467	0.1000148018			
1038	0.04557	0.0980630431			
1039	0.04624	0.0958788623			
1040	0.04711	0.0935797802			
1041	0.04755	0.0913144802			
1042	0.04793	0.0892037367			
1043	0.04924	0.0873751424			
1044	0.05122	0.08594348			
1045	0.05242	0.0849503478			
1046	0.05257	0.0843703431			
1047	0.05187	0.0841666826			
1048	0.04927	0.084297883			
1049	0.04779	0.0847392042			
1050	0.04885	0.0854178792			
1051	0.04895	0.0862106116			
1052	0.04808	0.0870422321			
1053	0.04872	0.087868424			
1054	0.05006	0.0886344362			
1055	0.04984	0.0893386612			
1056	0.04794	0.0900333741			
1057	0.0469	0.0908011733			
1058	0.04774	0.0917068464			
1059	0.04805	0.0927906469			
1060	0.04755	0.094114739			
1061	0.047	0.095730828			
1062	0.04586	0.0976406436			
1063	0.04522	0.0998307883			
1064	0.04474	0.1021805874			
1065	0.04379	0.1045377543			
1066	0.04343	0.1067487852			
1067	0.04327	0.1085959274			
1068	0.04059	0.1099181263			
1069	0.03978	0.1106484009			
1070	0.03971	0.1106925272			
1071	0.0418	0.1101621746			
1072	0.04338	0.1093440452			
1073	0.04329	0.1085066347			
1074	0.04288	0.1078439766			
1075	0.04249	0.1075319536			
1076	0.04265	0.1076794136			
1077	0.04312	0.1082836178			
1078	0.04297	0.1092244419			
1079	0.04107	0.1103226107			
1080	0.04123	0.1113778364			
1081	0.0404	0.1120785569			
1082	0.04011	0.1122153927			
1083	0.04133	0.1116626558			
1084	0.0413	0.1104941044			
1085	0.04184	0.1088652503			
1086	0.04229	0.1070586482			
1087	0.0438	0.10536793			
1088	0.04491	0.10407925			
1089	0.04548	0.1033342878			
1090	0.0445	0.1031935693			
1091	0.04333	0.1036623543			
1092	0.04282	0.1046919524			
1093	0.04191	0.1061185693			
1094	0.04245	0.1077271004			
1095	0.04293	0.1092045147			
1096	0.04262	0.1103295603			
1097	0.04065	0.1109546447			
1098	0.04091	0.1109626768			
1099	0.04108	0.1103209299			
1100	0.0417	0.1091272472			
1101	0.04262	0.1075652542			
1102	0.04464	0.1058359756			
1103	0.04552	0.1041350782			
1104	0.04377	0.1025228051			
1105	0.0439	0.1009801909			
1106	0.0443	0.0996030823			
1107	0.04506	0.0984100452			
1108	0.0472	0.0974040328			
1109	0.04586	0.0965955807			
1110	0.04525	0.0959322754			
1111	0.04687	0.0954437048			
1112	0.04794	0.0951575964			
1113	0.04712	0.0950618685			
1114	0.04722	0.0951499356			
1115	0.04622	0.0954157041			
1116	0.04553	0.095856649			
1117	0.04553	0.0964658907			
1118	0.04603	0.0972296222			
1119	0.04616	0.0981317125			
1120	0.04588	0.0991677374			
1121	0.04473	0.1003273807			
1122	0.04484	0.1015969607			
1123	0.04471	0.1028770745			
1124	0.0428	0.1040814799			
1125	0.04322	0.1051309438			
1126	0.0436	0.1058447532			
1127	0.04363	0.1061269258			
1128	0.04279	0.1059245325			
1129	0.0428	0.1052080906			
1130	0.04327	0.1040223118			
1131	0.04303	0.1024822334			
1132	0.04691	0.100700425			
1133	0.0467	0.0989584605			
1134	0.04613	0.0972137292			
1135	0.04595	0.095522024			
1136	0.04655	0.0939557387			
1137	0.0463	0.0925802519			
1138	0.0467	0.091405542			
1139	0.04942	0.090461136			
1140	0.0494	0.0897552989			
1141	0.04962	0.089179487			
1142	0.04953	0.08863874			
1143	0.04838	0.0879959337			
1144	0.04901	0.0870817984			
1145	0.04947	0.0857882995			
1146	0.04983	0.0840440093			
1147	0.05029	0.0818595648			
1148	0.05189	0.0793360235			
1149	0.05287	0.0766997958			
1150	0.05406	0.0741216912			
1151	0.05502	0.0718001368			
1152	0.0558	0.0698831756			
1153	0.05566	0.0684785491			
1154	0.05544	0.0676428372			
1155	0.05543	0.0674138027			
1156	0.05466	0.0677821099			
1157	0.05495	0.0687022775			
1158	0.05539	0.070062673			
1159	0.05523	0.0717192166			
1160	0.05468	0.0735344599			
1161	0.05272	0.0753639883			
1162	0.05257	0.0770899635			
1163	0.05212	0.0785176434			
1164	0.05186	0.0795730626			
1165	0.05149	0.0802467189			
1166	0.05024	0.0806231662			
1167	0.05033	0.0808639975			
1168	0.05279	0.0811744363			
1169	0.05177	0.0817267219			
1170	0.05103	0.0826803067			
1171	0.05098	0.08408514			
1172	0.05038	0.085860437			
1173	0.04766	0.0878553473			
1174	0.04759	0.0899059895			
1175	0.048	0.0916178148			
1176	0.04795	0.0927388342			
1177	0.04728	0.0931558838			
1178	0.04739	0.0928433755			
1179	0.0477	0.0918907568			
1180	0.04791	0.0904937762			
1181	0.04973	0.0888859584			
1182	0.04977	0.0873501812			
1183	0.0488	0.0860314143			
1184	0.04918	0.0850742046			
1185	0.04961	0.0846216958			
1186	0.05081	0.0847019344			
1187	0.05099	0.08523995			
1188	0.05061	0.0860968809			
1189	0.04955	0.0870861712			
1190	0.04735	0.0879966497			
1191	0.04804	0.0886358396			
1192	0.04845	0.0888558783			
1193	0.04996	0.0887124492			
1194	0.04974	0.0883663656			
1195	0.04866	0.0879896533			
1196	0.04868	0.0877353867			
1197	0.04929	0.0877036285			
1198	0.04896	0.0878833476			
1199	0.04857	0.0881706878			
1200	0.05003	0.0883865775			
1201	0.04945	0.0883274476			
1202	0.04813	0.0878367754			
1203	0.04856	0.0868238643			
1204	0.04966	0.0854050639			
1205	0.05127	0.0838556304			
1206	0.0513	0.0824981454			
1207	0.05095	0.0815647572			
1208	0.0511	0.0812417162			
1209	0.05125	0.0815769092			
1210	0.05105	0.0824351299			
1211	0.05062	0.0835385278			
1212	0.04973	0.0845083207			
1213	0.05016	0.0849330363			
1214	0.05089	0.0844768776			
1215	0.05028	0.0830463401			
1216	0.05061	0.0807266745			
1217	0.05142	0.0779163075			
1218	0.05446	0.0751670899			
1219	0.05451	0.0730586554			
1220	0.05478	0.0717967177			
1221	0.05463	0.0715563879			
1222	0.05381	0.0723136418			
1223	0.05351	0.0738986404			
1224	0.05295	0.0760023536			
1225	0.05163	0.0782881122			
1226	0.0512	0.0804667752			
1227	0.05094	0.0822438096			
1228	0.05209	0.0834520417			
1229	0.05156	0.0840287792			
1230	0.04948	0.0840730389			
1231	0.04807	0.0838074885			
1232	0.04955	0.0837117971			
1233	0.05192	0.084406024			
1234	0.05109	0.0862260687			
1235	0.049	0.089269404			
1236	0.04716	0.0932246159			
1237	0.0457	0.0971396219			
1238	0.04425	0.0997340016			
1239	0.04403	0.1000077179			
1240	0.046	0.0978638739			
1241	0.04835	0.0943527581			
1242	0.04901	0.0906607215			
1243	0.04888	0.0874044969			
1244	0.04909	0.0848541432			
1245	0.05025	0.0830408632			
1246	0.05139	0.0818236613			
1247	0.05122	0.080979313			
1248	0.05183	0.0802597362			
1249	0.05292	0.0794078078			
1250	0.05303	0.078153468			
1251	0.05121	0.076282052			
1252	0.05237	0.0737156994			
1253	0.05495	0.0709154397			
1254	0.05721	0.0684904968			
1255	0.0564	0.0668408945			
1256	0.05573	0.06610452			
1257	0.05625	0.0662855898			
1258	0.05601	0.0671061584			
1259	0.0553	0.0681928408			
1260	0.05472	0.0692592002			
1261	0.05475	0.0702095033			
1262	0.05492	0.0711741374			
1263	0.05418	0.0724035102			
1264	0.05408	0.0740835508			
1265	0.05337	0.0761175958			
1266	0.05214	0.0781517136			
1267	0.05133	0.0796750178			
1268	0.05107	0.0802767671			
1269	0.05144	0.0800212636			
1270	0.05225	0.0795160477			
1271	0.05228	0.0795799022			
1272	0.05168	0.0808234112			
1273	0.05122	0.0834517896			
1274	0.04782	0.087188748			
1275	0.04734	0.0916948112			
1276	0.0472	0.0960175348			
1277	0.04572	0.0993578153			
1278	0.04517	0.1009405914			
1279	0.04464	0.09998661			
1280	0.04418	0.0966149487			
1281	0.04859	0.0923181503			
1282	0.04984	0.0894990069			
1283	0.05012	0.0888129186			
1284	0.04665	0.0899250171			
1285	0.04671	0.0919047088			
1286	0.04766	0.0935179992			
1287	0.04798	0.0943977742			
1288	0.04713	0.0948512328			
1289	0.04548	0.0952214227			
1290	0.04655	0.0956821337			
1291	0.04662	0.0962831233			
1292	0.04635	0.0970032613			
1293	0.04603	0.0976143993			
1294	0.04542	0.0977919063			
1295	0.04505	0.0975042261			
1296	0.04677	0.0971486851			
1297	0.04672	0.0968985552			
1298	0.04634	0.0958770939			
1299	0.04707	0.0924185471			
1300	0.04894	0.0857749961			
1301	0.05311	0.0775684271			
1302	0.05496	0.0709708957			
1303	0.05583	0.0679258376			
1304	0.05473	0.0692581872			
1305	0.05423	0.0742383986			
1306	0.05243	0.0802076241			
1307	0.04941	0.083448817			
1308	0.05142	0.0804607111			
1309	0.05268	0.0718264256			
1310	0.05866	0.0620633417			
1311	0.06037	0.0564728062			
1312	0.06049	0.0563144151			
1313	0.05893	0.0609512195			
1314	0.05369	0.067933183			
1315	0.05276	0.0739897174			
1316	0.05253	0.0758419464			
1317	0.05527	0.074030076			
1318	0.0552	0.0713921658			
1319	0.05443	0.0696492473			
1320	0.05475	0.0687368899			
1321	0.05604	0.0674086184			
1322	0.05664	0.0646891216			
1323	0.05805	0.0606685181			
1324	0.05911	0.0563436364			
1325	0.06154	0.0525912849			
1326	0.06174	0.0496337545			
1327	0.06293	0.0468337924			
1328	0.06288	0.0436251913			
1329	0.06335	0.0399725176			
1330	0.06706	0.0368019025			
1331	0.06755	0.0353242562			
1332	0.06738	0.0358782561			
1333	0.06381	0.0381589244			
1334	0.06366	0.0416295828			
1335	0.06316	0.0457583666			
1336	0.06147	0.0509888301			
1337	0.05966	0.0582285109			
1338	0.05584	0.0675075824			
1339	0.05204	0.0771918987			
1340	0.05021	0.0832847119			
1341	0.05084	0.082078572			
1342	0.05342	0.0747006202			
1343	0.05654	0.0660929996			
1344	0.05844	0.0599211418			
1345	0.05917	0.0567797709			
1346	0.05974	0.055397205			
1347	0.06045	0.0539904408			
1348	0.06076	0.0514507235			
1349	0.06198	0.0479574243			
1350	0.06394	0.0447751454			
1351	0.06383	0.0431229661			
1352	0.06355	0.043325205			
1353	0.06339	0.0449190413			
1354	0.06231	0.0469408356			
1355	0.0622	0.0485622185			
1356	0.06169	0.0493953335			
1357	0.06181	0.049600743			
1358	0.06179	0.0496815843			
1359	0.06091	0.0503101556			
1360	0.06101	0.0520507514			
1361	0.06068	0.0546225936			
1362	0.05947	0.056395203			
1363	0.05913	0.0552763673			
1364	0.06046	0.0515039961			
1365	0.0623	0.0491392078			
1366	0.06307	0.0521403538			
1367	0.05643	0.0602004975			
1368	0.05477	0.069929939			
1369	0.05362	0.0746175024			
1370	0.05353	0.072294017			
1371	0.05807	0.0646599836			
1372	0.06	0.0538688838			
1373	0.06117	0.0417948002			
1374	0.07015	0.0340367775			
1375	0.06755	0.0354084466			
1376	0.06254	0.0444214455			
1377	0.05789	0.0559990164			
1378	0.05813	0.0626520504			
1379	0.05804	0.0624244122			
1380	0.05814	0.0593633932			
1381	0.05894	0.0561544167			
1382	0.06062	0.0535829022			
1383	0.0614	0.0511960419			
1384	0.06374	0.045683636			
1385	0.06468	0.0328850523			
1386	0.07501	0.03			
1387	0.07896	0.03			
1388	0.08446	0.03			
1389	0.08375	0.03			
1390	0.08232	0.03			
1391	0.08155	0.03			
1392	0.0802	0.03			
1393	0.07901	0.03			
1394	0.07745	0.03			
1395	0.07709	0.03			
1396	0.07696	0.03			
1397	0.07721	0.03			
1398	0.07656	0.03			
1399	0.07556	0.03			
1400	0.07493	0.03			
1401	0.07435	0.03			
1402	0.07429	0.03			
1403	0.07495	0.03			
1404	0.08273	0.03			
1405	0.08586	0.03			
1406	0.08802	0.0342210919			
1407	0.09199	0.0458729657			
1408	0.09823	0.0550745122			
1409	0.09852	0.0599931608			
1410	0.09688	0.0598902351			
1411	0.0947	0.0543435354			
1412	0.09424	0.0436184667			
1413	0.08861	0.0300548548			
1414	0.08078	0.03			
1415	0.07817	0.03			
1416	0.07504	0.03			
1417	0.06954	0.03			
1418	0.06496	0.0406647275			
1419	0.05873	0.0567636248			
1420	0.05595	0.0676212684			
1421	0.05303	0.0754956514			
1422	0.04924	0.0889674331			
1423	0.0428	0.1040035458			
1424	0.04274	0.1083446611			
1425	0.04132	0.1104646684			
1426	0.04142	0.111401329			
1427	0.04171	0.1098284864			
1428	0.04272	0.1075452913			
1429	0.04301	0.1058868056			
1430	0.04441	0.1022350317			
1431	0.04488	0.1014690165			
1432	0.04294	0.1055568136			
1433	0.04374	0.1035915536			
1434	0.04679	0.095038471			
1435	0.04818	0.0918838621			
1436	0.04613	0.0957934067			
1437	0.0464	0.0962557967			
1438	0.0467	0.094993902			
1439	0.04682	0.0950045572			
1440	0.04628	0.0962948035			
1441	0.04572	0.0983817309			
1442	0.04403	0.1033318483			
1443	0.04212	0.107643692			
1444	0.04492	0.099680115			
1445	0.05086	0.0829816628			
1446	0.05322	0.0778971222			
1447	0.048	0.0898117458			
1448	0.04529	0.0989104951			
1449	0.04509	0.0997828166			
1450	0.04544	0.0990267021			
1451	0.04547	0.0990260181			
1452	0.04482	0.1005461541			
1453	0.04504	0.1000450358			
1454	0.04558	0.0987214494			
1455	0.04532	0.0993674647			
1456	0.04475	0.1007433534			
1457	0.04515	0.0997264895			
1458	0.04582	0.0979265917			
1459	0.04593	0.0974909893			
1460	0.04588	0.0970705699			
1461	0.04778	0.0912740497			
1462	0.05156	0.0808804428			
1463	0.05276	0.078663218			
1464	0.04754	0.0912684889			
1465	0.04588	0.0973832832			
1466	0.04497	0.100330706			
1467	0.04433	0.1020785995			
1468	0.04437	0.1018595166			
1469	0.04579	0.0976398564			
1470	0.04772	0.0918264329			
1471	0.05044	0.0852727742			
1472	0.0473	0.0932342685			
1473	0.04402	0.1025135223			
1474	0.04337	0.1049852189			
1475	0.04336	0.104929417			
1476	0.04486	0.100785067			
1477	0.04561	0.0985457288			
1478	0.04617	0.0973640952			
1479	0.04367	0.1040244986			
1480	0.04245	0.1076333322			
1481	0.04261	0.1072135499			
1482	0.04389	0.1031591352			
1483	0.04693	0.0938947084			
1484	0.05238	0.0786361418			
1485	0.05357	0.075348561			
1486	0.05357	0.075348561			

