73.47500 1388.30000 59.70000
82.57500 1194.00000 10.00000
91.01500 796.30000 10.00000
91.04500 811.00000 10.00000
94.57000 743.30000 16.20000
101.01500 703.00000 10.00000
105.57000 694.70000 13.10000
111.01500 687.00000 10.00000
114.57500 685.10000 10.00000
120.01500 682.70000 10.00000
120.04500 712.00000 10.00000
125.57500 665.40000 10.00000
132.01500 681.00000 10.00000
132.04500 685.00000 10.00000
136.57500 669.70000 13.60000
143.01500 674.00000 14.20000
148.57500 674.10000 10.00000
156.01500 675.00000 10.00000
156.04500 682.70000 10.00000
156.07500 677.00000 10.00000
156.53500 661.70000 10.00000
160.57500 637.70000 26.10000
169.01500 650.00000 10.00000
169.04500 654.00000 10.00000
169.53500 660.50000 10.00000
173.57500 628.70000 17.00000
180.01500 637.00000 10.00000
183.57500 637.20000 10.00000
192.01500 630.30000 10.00000
196.57500 619.50000 10.00000
204.01500 630.30000 10.00000
208.57500 641.40000 10.00000
216.01500 636.00000 10.00000
220.57500 621.50000 17.40000
227.53500 617.70000 10.00000
232.57000 620.00000 10.00000
240.02500 601.00000 10.00000
244.57500 611.00000 10.00000
253.01500 608.70000 13.30000
256.57500 598.70000 10.00000
264.01500 597.70000 10.00000
264.04500 606.30000 10.00000
264.07500 598.00000 10.00000
264.53500 605.30000 10.00000
268.57500 589.00000 10.00000
275.01500 594.70000 10.00000
279.57000 583.30000 10.00000
288.01500 586.70000 10.00000
288.04500 585.00000 10.00000
288.07500 609.00000 10.00000
292.57500 574.40000 10.00000
300.02000 578.70000 10.00000
304.57500 586.90000 10.40000
312.01500 592.00000 10.00000
312.04500 590.00000 10.00000
316.57500 579.80000 10.00000
319.57500 587.70000 10.00000
324.01500 579.70000 10.00000
336.01500 579.70000 10.00000
341.57500 570.00000 10.00000
348.01500 599.70000 10.00000
348.04500 602.00000 10.00000
348.50500 608.70000 10.00000
353.57500 581.30000 10.00000
361.01500 572.30000 10.00000
361.04500 573.00000 10.00000
361.07500 576.00000 10.00000
361.51500 575.30000 10.00000
365.57500 562.80000 10.00000
373.01500 577.30000 10.00000
373.04500 592.70000 10.00000
373.07500 577.00000 10.00000
373.10500 595.00000 10.00000
373.53500 589.30000 10.00000
375.57500 575.10000 10.00000
385.01500 573.00000 10.00000
388.57500 574.90000 10.00000
397.01500 567.30000 10.00000
400.57500 573.00000 10.00000
409.01500 557.30000 10.00000
413.57500 557.00000 10.00000
421.01500 548.30000 10.00000
424.57500 558.00000 10.00000
433.01500 567.00000 10.00000
436.57500 567.20000 10.00000
444.04500 576.70000 10.00000
448.57500 578.10000 10.00000
456.01500 559.00000 10.00000
456.04500 587.70000 10.00000
456.07500 568.00000 10.00000
468.01500 606.00000 10.00000
472.57500 578.30000 10.00000
478.01500 617.70000 10.00000
478.04500 605.00000 10.00000
482.57500 579.90000 10.00000
490.05000 618.30000 10.00000
490.08000 603.00000 10.00000
490.11000 598.00000 10.00000
490.14000 605.00000 10.00000
490.17000 603.70000 10.00000
494.57500 607.40000 10.00000
503.01500 621.00000 10.00000
503.04500 631.00000 10.00000
503.07500 637.00000 10.00000
508.57500 613.60000 15.40000
515.01500 625.30000 10.00000
515.04500 624.00000 10.00000
520.57500 612.20000 18.00000
527.01500 629.70000 10.00000
527.04500 631.00000 10.00000
527.07500 630.00000 10.00000
527.10500 632.30000 10.00000
530.52500 627.20000 10.00000
540.01500 625.70000 10.00000
540.05500 625.00000 10.00000
543.52500 617.00000 10.50000
552.57500 573.70000 10.00000
555.01500 624.30000 10.00000
555.04500 631.70000 10.00000
555.07500 616.00000 10.00000
558.57500 619.10000 13.50000
567.01500 661.30000 10.00000
567.04500 659.00000 10.00000
573.57000 645.80000 12.10000
580.20000 671.70000 10.00000
580.23000 669.00000 10.00000
582.52500 657.40000 10.00000
591.01500 685.00000 10.00000
591.04500 685.30000 10.00000
591.07500 671.00000 10.00000
596.52500 657.00000 10.00000
604.01500 692.70000 10.00000
604.04500 689.30000 10.00000
604.07500 685.00000 10.00000
604.10500 680.30000 10.00000
606.57500 684.10000 13.80000
615.01500 701.70000 10.00000
615.04500 696.00000 10.00000
617.52500 690.90000 10.00000
627.02500 693.00000 10.00000
627.05500 699.00000 10.00000
631.47500 700.50000 10.00000
639.01500 707.70000 10.00000
639.04500 705.00000 10.00000
642.57500 681.90000 10.00000
649.01500 708.00000 10.00000
649.04500 721.00000 10.00000
649.07500 705.00000 10.00000
655.57500 685.30000 10.00000
662.99500 681.00000 10.00000
663.02500 680.00000 10.00000
666.97500 672.30000 10.00000
668.97500 659.20000 10.00000
670.98500 705.00000 10.00000
673.98500 700.00000 10.00000
675.97500 684.10000 10.00000
677.97500 692.40000 10.00000
678.98500 712.00000 10.00000
681.98500 678.00000 10.00000
683.97500 643.50000 10.00000
685.97500 648.20000 10.00000
687.98500 702.00000 10.00000
689.98500 716.00000 10.00000
691.96500 713.40000 10.00000
693.42500 673.10000 10.00000
695.41500 553.00000 10.00000
695.44500 522.00000 10.00000
697.92500 516.00000 10.00000
697.97000 507.30000 11.30000
699.97500 472.30000 10.00000
702.97500 481.70000 16.20000
703.98500 491.00000 10.00000
705.95500 480.00000 10.00000
705.98500 483.00000 10.00000
706.97500 471.80000 10.00000
709.37500 453.00000 10.00000
711.95500 489.00000 10.00000
711.98500 497.00000 10.00000
713.98500 474.00000 10.00000
715.97500 476.10000 10.00000
716.37500 456.50000 18.10000
720.98500 466.00000 10.00000
722.98500 479.00000 10.00000
723.97500 471.60000 10.00000
726.97500 463.50000 10.00000
727.93500 473.00000 10.00000
727.97500 463.80000 10.00000
729.93500 462.00000 10.00000
729.97500 469.40000 10.80000
731.97500 497.50000 10.00000
733.37500 488.50000 10.00000
734.42500 516.70000 10.00000
734.93500 513.00000 10.00000
734.97500 506.60000 10.00000
736.62500 518.90000 10.00000
736.93500 592.00000 10.00000
739.62500 630.00000 10.00000
739.97500 644.70000 14.50000
741.97500 648.90000 10.00000
743.98500 640.00000 10.00000
745.98500 625.00000 10.00000
747.97500 624.50000 10.00000
749.37500 631.60000 17.30000
751.96500 670.00000 10.00000
753.96500 678.00000 10.00000
755.97500 646.70000 10.00000
757.87500 635.30000 10.00000
759.98500 671.00000 10.00000
760.35000 658.00000 10.00000
760.38000 653.00000 10.00000
764.97500 624.90000 17.50000
765.97500 629.70000 10.00000
766.98500 626.00000 10.00000
769.98500 613.00000 10.00000
771.97500 629.00000 10.00000
772.97500 609.30000 10.00000
775.98500 631.00000 10.00000
777.98500 622.00000 10.00000
779.97500 613.60000 10.00000
781.37500 607.10000 10.00000
784.43500 526.50000 10.00000
784.47500 567.00000 10.00000
785.62500 529.80000 10.00000
785.92500 522.00000 10.00000
787.62500 479.70000 10.00000
787.97500 475.40000 10.00000
788.97500 471.30000 10.00000
792.98500 471.00000 10.00000
793.98500 484.00000 10.00000
794.87500 459.10000 10.00000
797.97500 434.60000 10.00000
798.98500 477.00000 10.00000
802.98500 471.00000 10.00000
804.57500 473.20000 10.00000
804.90500 487.00000 10.00000
804.93500 457.00000 10.00000
805.87500 458.60000 10.00000
805.93500 463.00000 10.00000
806.98500 454.00000 10.00000
809.95500 450.00000 10.00000
811.90500 463.00000 10.00000
811.97500 444.80000 10.00000
813.85500 445.00000 10.00000
813.87500 446.70000 10.00000
815.98500 470.00000 10.00000
817.34500 450.00000 10.00000
819.90500 434.70000 10.00000
819.97500 425.90000 13.40000
822.90500 428.70000 10.00000
822.97500 416.60000 12.50000
824.41500 433.00000 10.00000
826.38500 424.00000 10.00000
828.80500 419.00000 10.00000
828.97500 408.80000 10.00000
830.90500 418.70000 10.00000
830.97500 411.10000 10.00000
831.98500 413.00000 10.00000
833.98500 411.00000 10.00000
835.90500 392.00000 10.00000
835.93500 391.70000 10.00000
835.97500 389.20000 10.00000
837.90500 384.00000 10.00000
837.97500 392.60000 10.00000
839.98500 389.00000 10.00000
841.38500 375.00000 10.00000
842.90500 372.70000 10.00000
842.97500 367.80000 14.20000
845.90500 381.70000 10.00000
845.97500 363.90000 10.00000
847.39500 382.00000 10.00000
848.98500 374.00000 10.00000
850.57500 405.70000 10.00000
850.90500 375.00000 10.00000
851.90500 385.00000 10.00000
851.93500 379.30000 10.00000
851.97500 368.40000 10.00000
854.51500 376.00000 10.00000
856.98500 375.00000 10.00000
858.57500 384.00000 10.00000
858.90500 393.00000 10.00000
861.90500 369.30000 10.00000
861.97500 359.20000 10.00000
864.98500 369.00000 10.00000
865.98500 366.00000 10.00000
866.65500 369.00000 10.00000
866.72500 374.30000 10.00000
868.93500 364.30000 10.00000
868.97500 366.80000 10.00000
869.98500 368.00000 10.00000
873.98500 373.00000 10.00000
875.90500 375.30000 10.00000
875.97500 380.30000 10.00000
876.90500 375.30000 10.00000
876.97500 363.40000 14.50000
879.98500 358.00000 10.00000
881.98500 362.00000 10.00000
883.90500 364.00000 10.00000
883.97500 367.90000 14.80000
886.89000 366.30000 10.00000
886.96500 360.00000 10.00000
887.98500 368.00000 10.00000
889.98500 373.00000 10.00000
890.90500 378.70000 10.00000
890.97500 377.80000 10.00000
892.90500 373.00000 10.00000
892.97500 379.30000 10.00000
894.98500 382.00000 10.00000
896.98500 394.00000 10.00000
899.90500 393.00000 10.00000
899.97500 394.70000 10.00000
902.90500 393.70000 10.00000
902.93500 399.30000 10.00000
902.97500 396.40000 10.00000
903.39500 402.00000 10.00000
905.98500 394.00000 10.00000
906.85500 384.30000 10.00000
906.97500 380.40000 10.00000
907.87500 387.80000 10.00000
907.93500 376.70000 10.00000
910.98500 380.00000 10.00000
912.98500 395.00000 10.00000
915.90500 375.70000 10.00000
915.97500 375.30000 10.00000
916.90500 369.70000 10.00000
916.97500 375.50000 10.00000
919.98500 376.00000 10.00000
922.98500 381.00000 10.00000
924.90500 364.00000 10.00000
924.97500 374.10000 10.00000
926.90500 373.00000 10.00000
926.97500 374.00000 10.00000
928.97500 365.00000 10.00000
929.92500 374.00000 10.00000
929.98500 378.00000 10.00000
931.90500 383.30000 10.00000
931.97500 380.60000 10.00000
933.90500 385.30000 10.00000
933.97500 372.70000 10.00000
934.98500 397.00000 10.00000
937.86500 418.00000 10.00000
937.89500 393.00000 10.00000
937.95500 408.00000 10.00000
937.98500 388.00000 10.00000
940.57500 431.90000 11.70000
940.90500 426.00000 10.00000
941.37500 378.00000 10.00000
941.90500 417.00000 10.00000
943.95500 372.00000 10.00000
943.98500 374.00000 10.00000
944.98500 388.00000 10.00000
949.89000 422.30000 10.00000
949.97500 427.60000 10.00000
952.92500 445.30000 10.00000
952.95500 444.00000 10.00000
952.98500 398.00000 10.00000
956.88500 391.70000 10.00000
956.91500 392.00000 10.00000
956.96500 411.30000 10.00000
957.90500 397.30000 10.00000
957.93500 388.70000 10.00000
957.97500 382.20000 10.00000
958.97000 398.00000 10.00000
959.00000 392.00000 10.00000
959.92500 385.00000 10.00000
959.95500 397.00000 10.00000
961.90500 397.70000 10.00000
961.97500 386.80000 10.00000
963.90500 393.00000 10.00000
963.97500 388.00000 10.00000
965.95500 401.00000 10.00000
965.98500 401.00000 10.00000
967.95500 395.30000 10.00000
967.98500 415.00000 10.00000
968.90500 396.70000 10.00000
968.93500 411.70000 10.00000
968.97500 399.90000 10.00000
971.90500 402.70000 10.00000
971.93500 421.70000 10.00000
971.97500 406.70000 10.00000
973.98500 391.00000 10.00000
975.98500 399.00000 10.00000
977.77500 397.10000 10.00000
978.90500 425.70000 10.00000
978.97500 408.70000 10.00000
981.98500 410.00000 10.00000
982.98500 425.00000 10.00000
985.90500 474.00000 10.00000
985.93500 465.30000 10.00000
985.97500 473.00000 18.20000
986.90500 490.70000 10.00000
986.93500 482.00000 10.00000
986.97500 484.70000 14.10000
987.95500 497.00000 10.00000
987.98500 512.00000 10.00000
990.98500 415.00000 10.00000
993.90500 410.30000 10.00000
993.97500 411.90000 12.30000
996.97500 483.80000 10.00000
997.98500 439.00000 10.00000
999.98500 485.00000 10.00000
1001.90500 494.70000 10.00000
1001.93500 488.30000 10.00000
1001.97500 486.20000 10.00000
1003.30500 484.30000 10.00000
1003.33500 436.00000 10.00000
1003.57500 468.30000 10.00000
1005.28000 426.70000 10.00000
1005.97500 426.00000 10.00000
1009.61500 429.00000 10.00000
1009.67500 421.00000 10.00000
1009.97500 422.30000 11.00000
1011.01500 434.70000 10.00000
1011.04500 437.00000 10.00000
1011.07500 424.00000 10.00000
1011.10500 436.00000 10.00000
1013.28000 453.00000 10.00000
1013.97500 435.20000 10.00000
1015.30500 499.00000 10.00000
1015.33500 498.00000 10.00000
1015.57500 507.60000 10.00000
1017.61500 534.00000 10.00000
1017.64500 515.00000 10.00000
1017.67500 527.30000 10.00000
1017.97500 526.40000 10.00000
1021.28000 535.30000 10.00000
1021.97500 569.10000 18.60000
1023.01500 518.30000 10.00000
1023.04500 538.00000 10.00000
1023.07500 531.00000 10.00000
1023.10500 543.70000 10.00000
1023.57500 517.30000 10.00000
1025.61500 440.30000 10.00000
1025.97500 415.10000 10.00000
1027.30500 426.30000 10.00000
1027.33500 431.70000 10.00000
1027.57500 422.60000 10.00000
1029.28000 437.30000 10.00000
1029.97500 420.00000 10.00000
1033.61500 437.70000 10.00000
1033.64500 433.30000 10.00000
1033.97500 427.60000 10.00000
1035.01500 448.30000 10.00000
1035.04500 452.00000 10.00000
1035.07500 444.00000 10.00000
1035.57500 443.50000 10.00000
1037.28000 458.30000 10.00000
1037.97500 448.20000 10.00000
1039.30500 508.70000 10.00000
1039.57500 498.70000 10.00000
1041.61500 536.30000 10.00000
1041.97500 509.60000 17.30000
1045.28000 545.70000 10.00000
1045.97500 566.30000 19.80000
1047.01500 582.70000 10.00000
1047.04500 566.00000 10.00000
1047.57500 558.70000 10.00000
1049.61500 578.30000 10.00000
1049.97500 563.70000 10.00000
1051.30500 565.00000 10.00000
1051.52500 567.60000 10.00000
1053.28000 564.00000 10.00000
1053.31000 560.00000 10.00000
1053.97500 544.50000 10.00000
1057.61500 568.00000 10.00000
1057.97500 569.90000 10.00000
1059.01500 496.70000 10.00000
1059.04500 501.00000 10.00000
1059.57500 448.30000 10.00000
1061.97500 432.40000 10.00000
1063.52500 449.50000 13.90000
1065.61500 447.00000 10.00000
1065.97500 443.70000 10.00000
1069.97500 421.40000 10.00000
1071.01500 436.70000 10.00000
1071.04500 445.00000 10.00000
1071.07500 439.00000 10.00000
1073.61500 447.70000 10.00000
1073.64500 437.00000 10.00000
1073.97500 439.30000 10.00000
1075.57500 439.30000 10.00000
1077.97500 408.00000 10.00000
1081.61500 424.30000 10.00000
1081.97500 411.10000 11.10000
1083.01500 431.30000 10.00000
1083.04500 434.00000 10.00000
1083.07500 462.00000 10.00000
1083.57500 449.90000 10.90000
1085.97500 434.50000 10.00000
1087.57500 417.50000 10.00000
1089.61500 414.70000 10.00000
1089.97500 410.20000 12.30000
1093.97500 426.70000 10.00000
1095.01500 452.00000 10.00000
1095.04500 460.00000 10.00000
1095.07500 458.00000 10.00000
1095.57500 459.00000 10.90000
1097.61500 496.30000 10.00000
1097.64500 477.00000 10.00000
1097.67500 481.00000 10.00000
1097.97500 469.90000 19.00000
1099.01500 416.30000 10.00000
1099.57500 406.50000 10.00000
