114.24 692.30
118.24 686.44
122.44 685.24
125.94 685.22
129.25 682.62
133.84 675.02
138.44 676.76
143.24 675.56
148.05 675.10
151.95 676.56
154.65 674.10
157.05 666.82
159.65 661.82
162.25 656.08
164.94 652.78
168.35 646.18
172.24 646.04
175.15 643.48
179.74 638.74
185.15 630.54
191.24 630.86
196.95 631.74
203.44 631.50
209.15 629.74
215.34 629.38
221.05 627.32
227.34 619.24
233.06 614.24
239.54 611.68
245.35 607.88
251.64 603.42
256.45 604.48
260.35 601.88
262.65 601.20
265.05 599.26
267.25 598.66
270.35 594.06
275.14 591.80
279.84 587.74
283.74 591.74
287.26 587.68
291.35 586.76
294.66 586.80
299.45 588.20
304.25 584.40
309.05 585.48
312.96 587.28
316.85 585.84
321.65 583.38
327.55 579.38
333.84 583.36
339.53 586.22
344.43 592.02
347.94 592.34
351.83 592.80
354.44 587.46
357.04 582.26
359.65 575.58
362.05 571.88
364.45 572.88
366.85 576.82
369.25 577.02
371.56 580.96
373.15 586.26
373.67 585.82
376.06 581.88
379.16 581.46
383.94 575.92
389.35 572.66
396.04 569.10
401.75 565.90
408.24 560.58
413.75 558.72
420.24 557.52
425.75 559.50
431.84 563.44
437.36 569.40
443.64 569.60
448.25 573.74
452.15 573.90
456.94 579.76
461.74 579.80
466.14 591.54
470.54 595.00
475.84 597.38
480.25 599.84
483.75 604.78
486.17 600.84
488.59 600.84
490.11 605.60
491.02 603.42
493.60 607.02
496.19 613.62
498.78 620.02
502.46 622.00
506.54 625.58
508.95 626.18
512.46 622.42
517.25 620.96
520.94 624.44
523.35 625.38
525.76 627.04
527.75 630.04
530.35 629.24
532.96 628.04
536.25 625.44
541.34 613.72
546.24 613.14
549.24 614.34
552.25 612.54
555.26 612.96
558.14 630.48
560.55 637.42
564.26 640.24
569.28 651.38
573.61 661.36
576.71 660.58
581.51 665.78
585.00 673.68
587.18 673.54
590.44 671.14
594.73 678.20
597.34 679.06
599.95 679.00
602.55 680.86
604.56 686.28
606.76 688.08
608.96 689.42
611.65 690.60
616.24 693.14
620.33 696.12
623.62 695.88
628.42 698.22
632.72 701.04
635.83 698.82
640.22 700.62
643.74 704.72
645.75 704.18
649.06 700.24
653.14 700.06
655.94 694.46
659.53 684.72
663.51 675.56
666.59 679.50
668.79 683.30
671.38 684.12
673.58 688.14
675.58 698.70
677.78 693.30
679.78 682.00
681.78 674.82
683.78 676.74
685.98 677.54
687.98 684.62
689.87 690.54
691.75 671.50
693.25 635.50
694.84 595.50
696.04 554.28
697.35 514.12
698.86 499.86
700.57 493.66
702.17 486.46
703.78 481.60
705.18 481.50
706.46 475.76
708.05 475.36
709.26 478.76
710.86 476.96
712.66 477.82
714.06 478.52
715.86 473.92
718.06 470.32
720.06 469.84
722.26 467.32
724.57 470.62
725.97 470.18
727.36 466.78
728.56 466.34
729.56 473.14
730.65 476.24
731.94 486.82
732.94 497.02
733.94 504.46
734.87 508.74
735.58 529.44
736.62 552.10
737.63 578.44
739.03 606.90
740.50 631.12
742.31 637.72
743.98 636.62
745.86 634.00
747.86 638.22
749.85 645.82
751.85 650.16
753.83 652.32
755.95 660.20
757.63 657.80
758.91 652.80
760.71 648.44
762.33 647.32
763.73 638.32
765.66 629.32
767.98 624.52
769.58 621.40
771.58 621.66
773.78 620.86
775.78 620.98
777.66 616.60
779.95 600.04
781.65 587.24
783.18 568.80
784.37 550.48
785.62 525.00
786.33 514.78
787.23 495.64
788.70 483.88
790.31 476.28
791.76 472.16
793.76 464.00
795.76 465.14
797.76 465.14
799.88 462.98
801.89 468.56
803.28 473.04
804.65 469.36
805.24 467.76
805.73 463.92
806.74 456.52
808.13 457.72
809.35 454.96
810.94 451.36
812.31 449.90
813.52 453.90
814.61 451.30
816.19 449.28
817.42 445.46
819.22 441.86
820.62 431.18
822.04 427.78
823.33 425.64
825.10 424.26
826.31 420.28
827.90 420.70
829.21 416.32
830.33 414.12
831.36 412.52
832.75 409.16
833.76 403.76
834.76 399.38
835.94 393.58
836.74 389.90
837.55 389.30
838.65 385.96
840.03 382.66
841.05 379.42
842.63 377.24
843.83 372.22
845.03 373.62
846.25 373.88
847.77 381.46
848.77 380.12
849.95 384.34
850.86 383.80
851.46 382.68
852.25 376.74
853.46 376.74
854.80 376.54
856.19 379.28
858.18 379.46
859.67 376.10
861.27 374.90
862.75 371.30
864.30 366.50
865.26 367.50
866.66 368.52
867.45 368.08
868.25 368.48
869.72 369.28
871.56 369.48
872.96 372.68
874.55 374.38
875.95 373.46
877.15 370.46
878.36 367.80
879.95 364.54
881.36 363.06
883.35 363.64
884.74 364.04
885.94 365.24
887.16 367.04
888.55 369.20
889.36 371.50
890.55 374.10
891.55 376.36
892.55 378.16
893.76 381.22
895.55 384.26
896.96 388.60
898.95 391.48
900.54 394.94
901.74 395.42
902.44 397.22
903.64 397.08
904.43 395.20
905.24 391.42
906.22 389.70
907.12 384.64
908.12 381.84
909.35 383.98
911.14 383.04
912.76 380.54
914.55 379.14
915.75 378.24
917.15 374.44
918.56 375.50
920.35 373.24
921.96 374.12
923.95 373.62
925.35 373.22
926.55 370.02
927.55 372.02
928.55 372.80
929.55 374.86
930.55 376.18
931.54 380.24
932.35 379.98
933.35 383.78
934.54 390.72
935.72 393.20
936.53 397.74
937.34 400.80
938.45 407.78
939.06 409.38
939.76 406.38
940.55 408.18
941.74 404.98
942.42 393.40
943.24 385.80
944.94 394.66
946.56 396.78
948.35 411.44
950.15 425.44
951.75 427.44
953.14 421.32
954.53 414.20
955.34 407.40
956.33 398.06
957.32 396.20
957.54 394.30
957.95 395.50
958.36 391.64
958.76 389.18
959.16 390.84
959.95 393.94
960.55 391.70
961.53 391.90
962.34 392.50
963.54 393.30
964.36 393.96
965.55 395.66
966.37 400.06
967.36 401.80
967.95 403.94
968.55 403.72
969.34 405.20
970.13 406.54
970.75 408.54
971.75 404.40
973.16 404.22
974.33 403.10
975.72 403.90
977.12 404.30
978.72 408.10
980.12 413.30
981.75 428.68
983.16 436.60
984.56 449.46
985.54 465.60
986.33 477.00
986.55 479.14
986.95 485.48
987.35 493.28
988.17 478.14
989.56 463.80
990.96 449.24
992.76 446.60
994.76 432.00
996.56 446.00
998.16 462.88
999.76 478.16
1000.76 478.64
1001.82 487.70
1002.49 477.90
1002.83 472.62
1003.49 460.30
1004.29 448.26
1005.56 437.20
1006.82 434.20
1008.10 425.00
1009.25 426.60
1010.26 428.80
1010.56 427.80
1010.84 430.80
1011.50 436.94
1012.10 437.04
1012.95 449.44
1013.80 464.24
1014.69 478.56
1015.56 494.76
1016.30 510.72
1016.77 516.38
1017.30 522.06
1018.44 527.60
1019.31 534.62
1020.38 535.28
1021.46 537.42
1022.48 538.34
1022.84 540.02
1023.16 529.66
1023.68 514.06
1024.27 489.48
1025.11 468.54
1025.96 446.14
1026.76 427.20
1027.49 426.60
1028.29 427.58
1029.56 429.86
1030.82 430.18
1032.10 431.18
1033.24 433.38
1034.26 439.78
1034.55 441.04
1034.94 443.08
1035.60 449.22
1036.19 449.20
1037.04 460.54
1037.94 471.48
1039.15 490.04
1040.09 500.30
1041.55 519.80
1042.88 531.32
1044.37 548.12
1045.46 554.06
1046.58 563.88
1047.44 570.40
1048.24 569.88
1049.10 566.34
1050.00 566.66
1051.14 567.72
1051.88 564.06
1052.68 560.22
1053.94 560.82
1055.23 561.28
1056.38 547.82
1057.52 536.02
1058.64 516.78
1059.52 489.66
1060.63 465.58
1061.95 455.64
1063.33 444.18
1065.41 438.80
1067.22 439.66
1068.72 438.76
1069.82 437.16
1071.34 437.96
1072.08 441.08
1072.67 441.60
1073.58 440.46
1074.96 434.26
1076.56 429.58
1078.22 424.40
1080.03 422.80
1081.52 421.74
1082.54 432.54
1082.94 437.66
1083.74 442.34
1084.65 439.58
1085.96 435.72
1087.34 425.36
1089.42 420.72
1091.23 424.22
1092.72 432.72
1093.82 441.38
1094.94 451.14
1095.67 465.06
1096.19 470.06
1096.72 474.26
1097.30 476.64
1097.98 468.10
1098.38 450.14
