#nan	nan	
5.5	71.9277142857	0.0474397261
11.5	71.9277142857	0.0474397261
17.5	71.9277142857	0.0474397261
23.5	71.9277142857	0.0474397261
29.5	71.9277142857	0.0474397261
35.5	71.9277142857	0.0474397261
41.5	71.9277142857	0.0474397261
47.5	71.9277142857	0.0474397261
53.5	71.9277142857	0.0474397261
59.5	71.9277142857	0.0474397261
65.5	71.9256666667	0.0474428827
71.5	70.4486071429	0.0475284303
77.5	68.021452381	0.0477184812
83.5	67.3084047619	0.0479344316
89.5	67.1938214286	0.0481533006
95.5	67.6955	0.0483750283
101.5	67.2576428571	0.0485960382
107.5	64.6645714286	0.0488127457
113.5	64.1647857143	0.0490230838
119.5	65.0523928571	0.0492294956
125.5	65.7948452381	0.0494351651
131.5	66.1597261905	0.0496410796
137.5	65.5810238095	0.0498453177
143.5	66.6761309524	0.0500465818
149.5	67.5100119048	0.0502471948
155.5	66.4681904762	0.0504440918
161.5	65.5565238095	0.0506400112
167.5	65.3609404762	0.0508400444
173.5	66.3720357143	0.0510371959
179.5	65.6138333333	0.0512272212
185.5	65.7278095238	0.0514158669
191.5	65.9928928571	0.0516040092
197.5	65.4849761905	0.0517922384
203.5	65.7354642857	0.0519783958
209.5	66.1772619048	0.0521588342
215.5	66.755547619	0.0523409296
221.5	67.0251190476	0.052522905
227.5	65.7200952381	0.0526962879
233.5	64.6855357143	0.0528610484
239.5	65.2103214286	0.0530279866
245.5	66.7312142857	0.05319592
251.5	67.6354404762	0.0533613028
257.5	66.71675	0.0535256579
263.5	67.5268690476	0.0536872223
269.5	67.0388214286	0.0538495465
275.5	65.6821428571	0.0540101654
281.5	65.5773333333	0.0541705373
287.5	66.5601309524	0.0543311707
293.5	67.0834642857	0.0544891822
299.5	66.3009880952	0.0546483021
305.5	65.5793095238	0.0548041556
311.5	66.0445833333	0.0549520329
317.5	67.1928214286	0.0550960116
323.5	66.5882380952	0.0552391812
329.5	65.6079285714	0.0553826924
335.5	66.1809166667	0.0555260876
341.5	67.7381071429	0.0556677649
347.5	67.50325	0.0558060434
353.5	66.1120595238	0.0559398312
359.5	66.2267261905	0.0560710198
365.5	66.6411785714	0.0562021653
371.5	66.8719880952	0.0563309272
377.5	67.0339047619	0.0564584154
383.5	67.4030238095	0.0565875324
389.5	66.6791785714	0.0567163882
395.5	66.3511071429	0.0568448134
401.5	68.3585119048	0.0569731001
407.5	68.0427261905	0.0571002643
413.5	65.967702381	0.0572277256
419.5	65.362452381	0.0573557028
425.5	66.3565714286	0.0574833751
431.5	66.5939880952	0.0576124813
437.5	66.7995238095	0.0577422778
443.5	66.6159047619	0.0578687436
449.5	66.4245238095	0.0579923837
455.5	66.8691666667	0.0581154848
461.5	66.2118214286	0.0582360284
467.5	67.4829880952	0.0583555012
473.5	68.1838571429	0.058475349
479.5	67.721797619	0.0585922048
485.5	68.6395357143	0.058706314
491.5	68.5090714286	0.0588198875
497.5	67.5557857143	0.0589328289
503.5	67.3866071429	0.0590449444
509.5	67.730702381	0.0591580352
515.5	68.1603214286	0.0592691166
521.5	68.6480952381	0.0593767491
527.5	68.979297619	0.0594847747
533.5	67.996797619	0.0595930918
539.5	67.9364404762	0.0597007075
545.5	67.6191904762	0.0598065461
551.5	67.5771190476	0.0599094527
557.5	68.2778095238	0.0600123733
563.5	68.7111785714	0.0601175364
569.5	68.7317380952	0.0602225874
575.5	68.6130357143	0.0603264126
581.5	66.4733333333	0.0604286419
587.5	64.3474047619	0.0605292779
593.5	65.5381785714	0.0606258182
599.5	66.9061785714	0.0607179501
605.5	68.148547619	0.0608089334
611.5	69.3779642857	0.0608983031
617.5	70.5183333333	0.0609835328
623.5	71.3854880952	0.0610637068
629.5	71.888547619	0.0611418328
635.5	72.4612619048	0.0612187882
641.5	73.7727380952	0.0612935802
647.5	75.230202381	0.0613667681
653.5	75.7805952381	0.0614389604
659.5	75.8500119048	0.0615104102
665.5	76.3822857143	0.0615820692
671.5	76.6245595238	0.0616542844
677.5	76.2216785714	0.0617258882
683.5	76.4595119048	0.0617962554
689.5	78.1009761905	0.0618661119
695.5	79.2985	0.0619363476
701.5	79.6168809524	0.0620060122
707.5	79.050797619	0.0620753693
713.5	77.2103809524	0.0621444011
719.5	75.544047619	0.0622130171
725.5	74.1013809524	0.0622827704
731.5	74.5869404762	0.0623528942
737.5	76.0631904762	0.0624234904
743.5	76.2648690476	0.0624972356
749.5	76.1221904762	0.0625733661
755.5	75.9963452381	0.0626498604
761.5	74.9854047619	0.0627270252
767.5	73.8692619048	0.0628033849
773.5	76.3087380952	0.0628759405
779.5	78.6201309524	0.062945033
785.5	77.5727857143	0.0630131253
791.5	76.9662142857	0.0630809024
797.5	76.5583690476	0.0639781994
803.5	75.4683690476	0.0687707018
809.5	75.2789166667	0.077368843
815.5	75.4248690476	0.0864621026
821.5	74.0604047619	0.0940733103
827.5	72.0703214286	0.099088998
833.5	70.3641309524	0.1017315257
839.5	68.4654880952	0.1029327164
845.5	66.716702381	0.1036930527
851.5	63.8012738095	0.1047463786
857.5	63.1370119048	0.1068884986
863.5	66.0594166667	0.1096812798
869.5	68.3699642857	0.1104478306
875.5	69.6505952381	0.1083783199
881.5	70.4187857143	0.1065802186
887.5	71.2380833333	0.1071541041
893.5	73.0810119048	0.1084686004
899.5	74.2406904762	0.1087406391
905.5	72.5421904762	0.1091485243
911.5	71.4904166667	0.111111333
917.5	72.1372261905	0.1127508721
923.5	72.4019404762	0.1114709935
929.5	72.3065833333	0.1091029825
935.5	71.9573452381	0.1072693931
941.5	72.4519285714	0.1044789606
947.5	72.2887380952	0.1037873478
953.5	72.2048452381	0.1084837271
959.5	73.493202381	0.1133103334
965.5	73.5216904762	0.1128055301
971.5	72.3202142857	0.1091441283
977.5	71.0362142857	0.1075212958
983.5	70.1385	0.1067960103
989.5	70.7646666667	0.1039296828
995.5	71.1097738095	0.1033759235
1001.5	71.7889761905	0.1031234134
1007.5	72.6410119048	0.0977506608
1013.5	71.9548452381	0.094951045
1019.5	72.099797619	0.0985105007
1025.5	73.3351547619	0.099780999
1031.5	73.8112738095	0.0970408321
1037.5	72.6208095238	0.0907466565
1043.5	71.7989047619	0.082331867
1049.5	71.6765833333	0.0799910029
1055.5	72.8055952381	0.0836717281
1061.5	73.9171904762	0.0910753329
1067.5	74.2869642857	0.09916904
1073.5	74.536797619	0.1015792472
1079.5	73.1126071429	0.1021668138
1085.5	72.3968452381	0.1004704164
1091.5	71.9299404762	0.0993840073
1097.5	71.8317619048	0.1012118122
1103.5	72.7240119048	0.0969111028
1109.5	71.7782738095	0.0906457407
1115.5	71.4733928571	0.0894879488
1121.5	72.7656428571	0.0929099608
1127.5	73.630047619	0.0943909392
1133.5	73.249452381	0.088803919
1139.5	71.9892261905	0.0817158688
1145.5	71.3637738095	0.074692926
1151.5	71.4048690476	0.0680928302
1157.5	71.8641071429	0.0665983495
1163.5	73.2697738095	0.0694924526
1169.5	74.0699880952	0.0744757843
1175.5	73.7249642857	0.079313417
1181.5	72.7822261905	0.07876423
1187.5	71.91325	0.0773164818
1193.5	72.2420238095	0.0784799816
1199.5	72.2205714286	0.0778063881
1205.5	71.5687619048	0.0750310122
1211.5	71.4405595238	0.0731684985
1217.5	71.2089047619	0.0699513015
1223.5	71.3310714286	0.0691512688
1229.5	72.0373095238	0.0737284832
1235.5	72.1398809524	0.0806402264
1241.5	70.7966785714	0.0802046156
1247.5	69.505702381	0.0715562725
1253.5	69.775952381	0.0674798284
1259.5	70.5688690476	0.066664327
1265.5	71.353047619	0.068537627
1271.5	71.7939047619	0.0751734627
1277.5	71.5724642857	0.0827180034
1283.5	70.9981547619	0.0850328558
1289.5	71.0633214286	0.0860664355
1295.5	70.7714642857	0.0842129752
1301.5	69.9547142857	0.0747162676
1307.5	69.3041190476	0.0679987626
1313.5	69.1118690476	0.067227241
1319.5	68.6030833333	0.0669862997
1325.5	68.0553571429	0.0670242362
1331.5	69.2931547619	0.067062578
1337.5	70.1747857143	0.0673093269
1343.5	69.3520595238	0.0673455273
1349.5	69.2684642857	0.0671718849
1355.5	70.6773452381	0.0672078108
1361.5	71.532452381	0.0672448571
1367.5	70.3401190476	0.0672827078
1373.5	68.9056190476	0.0673207658
1379.5	67.9910833333	0.0673584313
1385.5	67.2093928571	0.0673955135
1391.5	67.8374285714	0.0674329035
1397.5	68.6657738095	0.0674717194
1403.5	68.2046309524	0.0675104656
1409.5	69.3572738095	0.0675477675
1415.5	72.4403333333	0.0675844716
1421.5	73.122952381	0.0816407917
1427.5	71.8135714286	0.0965752612
1433.5	70.9883571429	0.0924096118
1439.5	71.4618809524	0.0885859611
1445.5	72.2821428571	0.0880203418
1451.5	72.2889642857	0.0892230693
1457.5	71.7138809524	0.0873456922
1463.5	72.0315595238	0.0862106293
1469.5	72.4520357143	0.0897353244
1475.5	71.9851785714	0.0924821718
1481	71.0958311688	0.0872303661

