#	Prior		for	TALDICE	from	AICC2012.
0	71.9277142857	0.1185993152				
1	71.9277142857	0.1185993152				
2	71.9277142857	0.1185993152				
3	71.9277142857	0.1185993152				
4	71.9277142857	0.1185993152				
5	71.9277142857	0.1185993152				
6	71.9277142857	0.1185993152				
7	71.9277142857	0.1185993152				
8	71.9277142857	0.1185993152				
9	71.9277142857	0.1185993152				
10	71.9277142857	0.1185993152				
11	71.9277142857	0.1185993152				
12	71.9277142857	0.1185993152				
13	71.9277142857	0.1185993152				
14	71.9277142857	0.1185993152				
15	71.9277142857	0.1185993152				
16	71.9277142857	0.1185993152				
17	71.9277142857	0.1185993152				
18	71.9277142857	0.1185993152				
19	71.9277142857	0.1185993152				
20	71.9277142857	0.1185993152				
21	71.9277142857	0.1185993152				
22	71.9277142857	0.1185993152				
23	71.9277142857	0.1185993152				
24	71.9277142857	0.1185993152				
25	71.9277142857	0.1185993152				
26	71.9277142857	0.1185993152				
27	71.9277142857	0.1185993152				
28	71.9277142857	0.1185993152				
29	71.9277142857	0.1185993152				
30	71.9277142857	0.1185993152				
31	71.9277142857	0.1185993152				
32	71.9277142857	0.1185993152				
33	71.9277142857	0.1185993152				
34	71.9277142857	0.1185993152				
35	71.9277142857	0.1185993152				
36	71.9277142857	0.1185993152				
37	71.9277142857	0.1185993152				
38	71.9277142857	0.1185993152				
39	71.9277142857	0.1185993152				
40	71.9277142857	0.1185993152				
41	71.9277142857	0.1185993152				
42	71.9277142857	0.1185993152				
43	71.9277142857	0.1185993152				
44	71.9277142857	0.1185993152				
45	71.9277142857	0.1185993152				
46	71.9277142857	0.1185993152				
47	71.9277142857	0.1185993152				
48	71.9277142857	0.1185993152				
49	71.9277142857	0.1185993152				
50	71.9277142857	0.1185993152				
51	71.9277142857	0.1185993152				
52	71.9277142857	0.1185993152				
53	71.9277142857	0.1185993152				
54	71.9277142857	0.1185993152				
55	71.9277142857	0.1185993152				
56	71.9277142857	0.1185993152				
57	71.9277142857	0.1185993152				
58	71.9277142857	0.1185993152				
59	71.9277142857	0.1185993152				
60	71.9277142857	0.1185993152				
61	71.9277142857	0.1185993152				
62	71.9277142857	0.1185993152				
63	71.9277142857	0.1185993152				
64	71.9277142857	0.1185993152				
65	71.9277142857	0.1185993152				
66	71.9277142857	0.1185993152				
67	71.9277142857	0.1185993152				
68	71.9277142857	0.1185993152				
69	71.9277142857	0.1185993152				
70	71.9277142857	0.1185993152				
71	71.9031428571	0.1186940125				
72	69.9981428571	0.1187895632				
73	72.3062857143	0.1188850648				
74	62.9745714286	0.1189804222				
75	72.2004285714	0.1190756453				
76	68.9898571429	0.1191705756				
77	67.3722857143	0.1192610501				
78	69.6571428571	0.1193474362				
79	67.6545714286	0.1194336982				
80	68.8757142857	0.1195198496				
81	65.9192857143	0.1196059527				
82	68.696	0.1196970142				
83	61.6131428571	0.1197881625				
84	63.5117142857	0.1198791901				
85	70.7001428571	0.1199700943				
86	69.4694285714	0.1200609139				
87	69.8354285714	0.1201522892				
88	65.0445714286	0.1202435842				
89	66.7237142857	0.1203347621				
90	67.204	0.1204258171				
91	69.8075714286	0.1205168856				
92	66.175	0.1206117355				
93	68.7041428571	0.1207065806				
94	64.3764285714	0.1208012896				
95	64.7737142857	0.1208958762				
96	69.3602857143	0.1209896525				
97	67.9788571429	0.121080094				
98	67.5904285714	0.1211704261				
99	67.5311428571	0.1212606292				
100	69.7588571429	0.1213507245				
101	69.0855714286	0.121441139				
102	62.8264285714	0.1215339384				
103	68.4955714286	0.1216266217				
104	62.8354285714	0.121719169				
105	64.1051428571	0.1218116034				
106	65.751	0.1219037755				
107	71.773	0.1219933711				
108	64.2108571429	0.1220809788				
109	60.6701428571	0.1221684642				
110	64.8078571429	0.1222558454				
111	56.0922857143	0.1223430536				
112	66.0308571429	0.1224295688				
113	68.3762857143	0.1225159814				
114	66.045	0.1226022868				
115	61.9082857143	0.1226884751				
116	58.0241428571	0.1227745078				
117	63.6462857143	0.1228596507				
118	68.2024285714	0.1229444841				
119	71.963	0.1230292174				
120	65.9157142857	0.1231138505				
121	67.674	0.1231990925				
122	65.6522857143	0.123286898				
123	63.7444285714	0.1233745976				
124	64.8232857143	0.123462171				
125	63.0298571429	0.1235496363				
126	67.4315714286	0.1236367847				
127	66.4195714286	0.1237200015				
128	64.8944285714	0.1238031202				
129	65.6344285714	0.1238861407				
130	67.6834285714	0.1239690575				
131	66.6351428571	0.1240536028				
132	63.9108571429	0.1241418087				
133	64.2238571429	0.1242298971				
134	68.9175714286	0.1243178635				
135	67.7318571429	0.1244057215				
136	65.4297142857	0.1244926494				
137	65.0042857143	0.1245757408				
138	64.1954285714	0.1246587336				
139	66.9415714286	0.1247416258				
140	68.0532857143	0.1248244028				
141	64.9444285714	0.1249071273				
142	65.5624285714	0.1249903131				
143	62.057	0.1250736463				
144	66.5315714286	0.1251568706				
145	70.7788571429	0.1252399944				
146	73.5557142857	0.1253231679				
147	68.2622857143	0.1254085624				
148	68.5164285714	0.1254938927				
149	60.7145714286	0.1255791178				
150	66.788	0.1256642242				
151	68.5967142857	0.1257489457				
152	71.6305714286	0.12583048				
153	64.2472857143	0.1259104082				
154	66.069	0.1259902278				
155	64.4291428571	0.1260699527				
156	63.0565714286	0.1261496771				
157	64.4848571429	0.1262302993				
158	72.1585714286	0.1263111035				
159	67.306	0.1263918069				
160	63.5215714286	0.1264724132				
161	65.33	0.1265532146				
162	66.7857142857	0.1266376228				
163	64.3777142857	0.1267221701				
164	63.1238571429	0.1268066118				
165	64.1195714286	0.1268909402				
166	66.9508571429	0.1269751648				
167	65.463	0.1270593123				
168	62.252	0.127143354				
169	63.8367142857	0.1272272716				
170	66.9412857143	0.1273110842				
171	69.548	0.1273946209				
172	63.7798571429	0.1274760377				
173	67.1527142857	0.1275571428				
174	67.3557142857	0.1276381481				
175	65.5684285714	0.1277190536				
176	66.2118571429	0.1277990486				
177	65.9475714286	0.1278746028				
178	68.2612857143	0.1279500682				
179	69.609	0.1280254448				
180	69.9381428571	0.1281007326				
181	61.6665714286	0.1281765614				
182	63.667	0.1282590492				
183	62.0421428571	0.1283419164				
184	63.9922857143	0.128424679				
185	63.106	0.128507332				
186	66.3512857143	0.1285881269				
187	65.3742857143	0.128664014				
188	62.8425714286	0.1287398104				
189	66.2868571429	0.1288155162				
190	66.5344285714	0.1288911323				
191	76.9321428571	0.1289671368				
192	68.6181428571	0.1290457889				
193	68.1678571429	0.129124344				
194	64.9378571429	0.1292028027				
195	59.4088571429	0.1292811649				
196	62.3822857143	0.1293598721				
197	64.0781428571	0.1294405654				
198	66.4955714286	0.1295211567				
199	66.9891428571	0.1296016469				
200	69.3647142857	0.1296820059				
201	64.8902857143	0.1297607346				
202	62.7817142857	0.1298359653				
203	67.7051428571	0.1299111056				
204	69.2088571429	0.1299861549				
205	68.9911428571	0.1300611134				
206	59.4927142857	0.1301359656				
207	63.4838571429	0.1302107138				
208	64.6881428571	0.1302853715				
209	64.7342857143	0.1303599387				
210	61.3541428571	0.1304344162				
211	66.2985714286	0.1305088524				
212	70.4132857143	0.130583616				
213	69.2408571429	0.1306583454				
214	70.0962857143	0.1307329837				
215	66.125	0.1308075561				
216	62.77	0.130884792				
217	61.258	0.130964545				
218	62.5278571429	0.1310441901				
219	68.1925714286	0.1311237226				
220	72.0027142857	0.1312031531				
221	70.7872857143	0.1312817135				
222	67.3845714286	0.1313541056				
223	66.8112857143	0.1314248588				
224	64.5748571429	0.1314955263				
225	68.7291428571	0.1315661122				
226	72.5528571429	0.1316367511				
227	66.7102857143	0.1317076783				
228	64.1684285714	0.1317785211				
229	62.0712857143	0.1318492794				
230	64.2585714286	0.1319199055				
231	66.5697142857	0.131987086				
232	63.1728571429	0.1320519899				
233	61.6372857143	0.1321168228				
234	64.03	0.1321815844				
235	64.6455714286	0.1322463742				
236	67.2951428571	0.1323159375				
237	65.2715714286	0.1323886869				
238	66.5305714286	0.1324613477				
239	66.5754285714	0.1325339177				
240	66.1048571429	0.1326063813				
241	64.84	0.1326784945				
242	63.0308571429	0.1327498744				
243	63.3808571429	0.1328211673				
244	65.3552857143	0.1328923738				
245	65.4637142857	0.1329634568				
246	64.8152857143	0.1330306315				
247	71.1322857143	0.1330958475				
248	70.0257142857	0.1331609903				
249	64.8992857143	0.1332260601				
250	69.8402857143	0.1332911063				
251	71.8861428571	0.1333612155				
252	60.6811428571	0.1334336048				
253	63.1091428571	0.133505904				
254	67.9254285714	0.1335781055				
255	73.0227142857	0.1336501009				
256	67.7825714286	0.1337199167				
257	66.5052857143	0.1337856009				
258	60.7125714286	0.1338512102				
259	69.2034285714	0.1339167443				
260	72.2404285714	0.1339822559				
261	64.8322857143	0.1340483484				
262	66.4965714286	0.1341154574				
263	68.0894285714	0.1341824871				
264	64.7454285714	0.134249438				
265	65.0942857143	0.1343163881				
266	67.8378571429	0.1343845791				
267	70.3172857143	0.1344539727				
268	70.381	0.1345232817				
269	70.3718571429	0.1345925065				
270	70.4357142857	0.1346616467				
271	65.1318571429	0.1347302124				
272	63.1455714286	0.134795915				
273	63.9791428571	0.1348610836				
274	68.4092857143	0.1349261771				
275	64.6165714286	0.1349911949				
276	59.5998571429	0.1350564122				
277	66.2385714286	0.135123035				
278	66.7897142857	0.135189795				
279	65.598	0.1352564751				
280	66.444	0.1353230762				
281	67.7974285714	0.1353899405				
282	70.0222857143	0.1354587925				
283	68.4957142857	0.1355275602				
284	68.202	0.135596243				
285	62.3448571429	0.1356647687				
286	61.0125714286	0.13573225				
287	64.383	0.1357977697				
288	68.8028571429	0.1358632118				
289	68.088	0.1359285768				
290	63.4157142857	0.135993859				
291	67.6754285714	0.1360590256				
292	66.3257142857	0.1361240552				
293	69.9534285714	0.1361890083				
294	68.4867142857	0.1362538846				
295	66.325	0.1363187855				
296	67.2204285714	0.1363847039				
297	66.7052857143	0.136452467				
298	63.298	0.1365201463				
299	68.705	0.1365877421				
300	61.453	0.1366552261				
301	60.5028571429	0.1367222431				
302	65.4985714286	0.1367888384				
303	70.8604285714	0.1368553523				
304	68.1767142857	0.1369217848				
305	68.3798571429	0.1369878893				
306	68.9355714286	0.1370499321				
307	66.1955714286	0.137109558				
308	67.7581428571	0.1371691188				
309	64.9552857143	0.1372286143				
310	60.52	0.1372881108				
311	63.7157142857	0.1373480017				
312	69.6125714286	0.137409158				
313	68.2762857143	0.1374702456				
314	65.5648571429	0.1375312631				
315	66.7821428571	0.1375922077				
316	64.6732857143	0.137652777				
317	65.5455714286	0.1377119994				
318	66.9815714286	0.1377709108				
319	66.6871428571	0.1378297442				
320	71.6061428571	0.1378885708				
321	63.9298571429	0.1379479084				
322	67.6418571429	0.1380078561				
323	69.0125714286	0.1380677053				
324	62.589	0.1381274564				
325	67.1188571429	0.1381871206				
326	69.298	0.1382468013				
327	66.8542857143	0.1383070275				
328	64.2624285714	0.1383671542				
329	63.0771428571	0.1384271808				
330	62.6407142857	0.1384871082				
331	63.5254285714	0.1385469312				
332	67.5938571429	0.1386066529				
333	70.6302857143	0.1386662761				
334	65.2302857143	0.1387258012				
335	64.4748571429	0.1387852599				
336	64.128	0.138844825				
337	64.4402857143	0.138904756				
338	65.2191428571	0.1389645872				
339	70.0551428571	0.1390243167				
340	69.7667142857	0.1390839016				
341	66.4662857143	0.139142211				
342	65.0552857143	0.1392002694				
343	68.141	0.1392582338				
344	66.5174285714	0.1393161044				
345	69.7241428571	0.1393738561				
346	71.3301428571	0.1394313708				
347	72.0137142857	0.1394885158				
348	67.1911428571	0.1395455695				
349	65.3915714286	0.1396025176				
350	61.2498571429	0.1396592306				
351	68.976	0.1397142554				
352	65.4588571429	0.1397685717				
353	68.9898571429	0.1398228055				
354	71.2694285714	0.1398769622				
355	67.0084285714	0.139931064				
356	61.985	0.1399860712				
357	60.8645714286	0.1400410734				
358	66.7875714286	0.1400959908				
359	68.1724285714	0.1401508237				
360	67.1975714286	0.140205563				
361	63.9591428571	0.1402601788				
362	63.4227142857	0.1403144667				
363	67.3412857143	0.1403686709				
364	67.8878571429	0.1404227925				
365	68.8247142857	0.1404769379				
366	72.1001428571	0.1405314471				
367	68.5005714286	0.1405869463				
368	65.4904285714	0.1406423459				
369	63.5637142857	0.1406976537				
370	66.0327142857	0.1407525401				
371	65.3732857143	0.140805417				
372	66.3774285714	0.1408565239				
373	63.637	0.1409075555				
374	66.8922857143	0.1409584899				
375	67.5382857143	0.1410096933				
376	66.7137142857	0.1410623734				
377	70.2442857143	0.1411168298				
378	66.6567142857	0.1411712018				
379	63.133	0.1412254745				
380	68.1584285714	0.1412796783				
381	68.26	0.1413339595				
382	72.0258571429	0.1413882417				
383	64.7698571429	0.1414424402				
384	67.4802857143	0.1414965538				
385	68.4357142857	0.1415505475				
386	66.68	0.1416042214				
387	70.3297142857	0.1416577736				
388	67.2561428571	0.1417112446				
389	65.6505714286	0.1417646362				
390	63.5017142857	0.141817952				
391	60.9365714286	0.1418713128				
392	60.973	0.1419245934				
393	65.647	0.1419777928				
394	70.3841428571	0.1420309165				
395	72.8752857143	0.1420841015				
396	68.3654285714	0.1421382168				
397	64.5234285714	0.1421922365				
398	66.3141428571	0.1422461721				
399	67.0518571429	0.1423000242				
400	69.2961428571	0.1423537648				
401	66.3445714286	0.1424073183				
402	65.3735714286	0.142460389				
403	66.6764285714	0.1425133692				
404	73.6591428571	0.1425662692				
405	73.8321428571	0.1426190832				
406	67.3905714286	0.1426717959				
407	71.4747142857	0.1427243632				
408	66.7101428571	0.142776833				
409	62.4631428571	0.1428292239				
410	63.1732857143	0.1428816677				
411	68.161	0.1429345072				
412	68.9308571429	0.142988346				
413	68.6677142857	0.1430420816				
414	69.576	0.1430957309				
415	67.5314285714	0.1431493271				
416	61.4312857143	0.1432029783				
417	66.5827142857	0.1432567284				
418	66.4405714286	0.1433103926				
419	61.9442857143	0.143363953				
420	62.4802857143	0.1434173427				
421	64.878	0.1434702001				
422	62.436	0.1435226262				
423	65.5951428571	0.1435749734				
424	67.2014285714	0.1436272231				
425	68.2522857143	0.1436796083				
426	68.5228571429	0.1437330503				
427	71.3967142857	0.1437871767				
428	64.4497142857	0.1438412176				
429	67.2325714286	0.1438951715				
430	66.311	0.1439491028				
431	67.5228571429	0.1440035593				
432	68.0062857143	0.1440581017				
433	70.244	0.1441125566				
434	67.5871428571	0.1441669298				
435	63.0947142857	0.1442212423				
436	62.6134285714	0.1442758876				
437	62.1465714286	0.1443304438				
438	62.8542857143	0.1443849121				
439	67.8117142857	0.1444392837				
440	68.6684285714	0.144492865				
441	67.562	0.1445441816				
442	70.2342857143	0.144595396				
443	70.7714285714	0.1446465344				
444	65.044	0.1446976086				
445	64.396	0.1447487745				
446	69.032	0.1448006293				
447	62.4494285714	0.1448523877				
448	63.322	0.1449040673				
449	67.2452857143	0.1449556688				
450	65.5835714286	0.1450071869				
451	68.1417142857	0.1450585793				
452	64.3407142857	0.1451098799				
453	67.3222857143	0.1451611031				
454	70.0498571429	0.1452122563				
455	70.1674285714	0.1452633692				
456	66.9428571429	0.145314684				
457	64.6864285714	0.1453659139				
458	67.3024285714	0.1454170667				
459	64.2202857143	0.1454680929				
460	67.018	0.145518905				
461	66.6544285714	0.1455675082				
462	65.7832857143	0.1456160192				
463	65.3037142857	0.1456644629				
464	66.7644285714	0.1457128368				
465	64.1485714286	0.1457614676				
466	67.3347142857	0.1458115272				
467	68.3827142857	0.1458623668				
468	68.0972857143	0.1459131328				
469	75.5782857143	0.1459638047				
470	71.1384285714	0.1460143705				
471	67.4691428571	0.1460647789				
472	63.4284285714	0.1461150417				
473	66.3668571429	0.1461652277				
474	65.7382857143	0.1462153238				
475	66.0122857143	0.1462651163				
476	62.4385714286	0.1463141754				
477	68.8432857143	0.1463620606				
478	73.9561428571	0.1464098541				
479	69.1392857143	0.1464575835				
480	66.19	0.1465052199				
481	67.1327142857	0.1465526925				
482	65.1082857143	0.146600082				
483	69.2824285714	0.1466474124				
484	71.553	0.146694691				
485	67.2672857143	0.1467419322				
486	68.2197142857	0.1467893894				
487	70.0082857143	0.1468368774				
488	70.7834285714	0.1468843057				
489	69.4882857143	0.146931641				
490	70.759	0.1469789396				
491	67.882	0.1470262366				
492	71.1837142857	0.1470735799				
493	68.2175714286	0.147120837				
494	62.0824285714	0.1471680353				
495	65.6368571429	0.1472151819				
496	67.0392857143	0.1472622857				
497	70.8082857143	0.1473093157				
498	70.9064285714	0.1473562869				
499	63.9394285714	0.1474031981				
500	65.2282857143	0.1474498978				
501	69.2491428571	0.1474961488				
502	68.9258571429	0.1475421078				
503	67.4521428571	0.1475879931				
504	65.8728571429	0.1476338445				
505	65.3041428571	0.1476804131				
506	67.4267142857	0.1477281721				
507	70.1581428571	0.1477758363				
508	68.065	0.1478234371				
509	66.1111428571	0.1478709966				
510	65.1731428571	0.1479185365				
511	71.9927142857	0.1479664679				
512	69.7427142857	0.1480143754				
513	65.6347142857	0.1480622203				
514	67.7797142857	0.1481099885				
515	69.5074285714	0.1481567688				
516	66.0111428571	0.1482013426				
517	72.3907142857	0.1482435469				
518	70.0691428571	0.1482856693				
519	64.6554285714	0.1483279706				
520	68.5814285714	0.1483705719				
521	66.3855714286	0.1484160376				
522	73.9697142857	0.1484619356				
523	68.8004285714	0.1485077787				
524	67.0701428571	0.1485535294				
525	67.2352857143	0.1485991971				
526	67.7901428571	0.1486447648				
527	70.818	0.1486901281				
528	69.2428571429	0.14873542				
529	67.6034285714	0.1487806317				
530	69.196	0.1488257224				
531	69.3842857143	0.1488702818				
532	68.1551428571	0.1489147289				
533	68.4861428571	0.1489591218				
534	66.895	0.1490034833				
535	64.4774285714	0.1490486942				
536	69.3511428571	0.1490947719				
537	68.6701428571	0.1491407622				
538	66.6971428571	0.1491866884				
539	67.8028571429	0.1492324488				
540	65.753	0.1492778208				
541	66.9885714286	0.1493212722				
542	68.7924285714	0.1493642899				
543	68.9137142857	0.1494072451				
544	69.8661428571	0.1494502219				
545	71.0297142857	0.1494935255				
546	68.167	0.1495375972				
547	67.793	0.149581592				
548	64.8651428571	0.1496255378				
549	65.0984285714	0.1496694224				
550	67.5568571429	0.1497127149				
551	66.6062857143	0.149755143				
552	65.2211428571	0.149796212				
553	70.5347142857	0.1498372116				
554	69.9337142857	0.1498782978				
555	68.1597142857	0.1499198172				
556	69.222	0.1499629723				
557	67.7674285714	0.1500070616				
558	66.3751428571	0.1500510719				
559	69.7727142857	0.1500950691				
560	70.4057142857	0.1501391692				
561	68.8934285714	0.1501836814				
562	66.565	0.1502281226				
563	66.483	0.1502725128				
564	66.6932857143	0.1503168349				
565	67.0218571429	0.1503609334				
566	71.0694285714	0.1504047339				
567	70.4367142857	0.1504480679				
568	69.9354285714	0.150491323				
569	70.8824285714	0.150534571				
570	68.298	0.150577832				
571	63.284	0.1506214845				
572	68.609	0.1506651732				
573	73.0737142857	0.1507088019				
574	69.2395714286	0.1507523037				
575	66.2374285714	0.1507955624				
576	68.1385714286	0.1508384557				
577	67.2298571429	0.1508812684				
578	68.9152857143	0.150924036				
579	72.1382857143	0.1509667432				
580	70.2114285714	0.1510092332				
581	67.9812857143	0.1510514837				
582	64.2034285714	0.1510932787				
583	63.5772857143	0.1511350046				
584	63.4582857143	0.1511767319				
585	63.5717142857	0.151218566				
586	64.2105714286	0.151260913				
587	64.044	0.1513035421				
588	64.614	0.151346088				
589	64.7104285714	0.1513882901				
590	64.4837142857	0.1514301425				
591	65.1011428571	0.151469394				
592	64.9441428571	0.1515086116				
593	65.2501428571	0.1515477751				
594	65.6805714286	0.1515866466				
595	66.3325714286	0.1516253222				
596	66.0245714286	0.1516624327				
597	66.2585714286	0.1516995173				
598	66.6292857143	0.1517365422				
599	66.429	0.1517737844				
600	67.414	0.1518112053				
601	67.2294285714	0.1518502056				
602	67.5332857143	0.151889555				
603	67.2465714286	0.15192884				
604	67.6774285714	0.1519678511				
605	68.4188571429	0.1520066001				
606	68.04	0.1520437116				
607	68.4557142857	0.1520804957				
608	68.2427142857	0.152117223				
609	69.037	0.1521539615				
610	69.3074285714	0.1521907256				
611	69.1801428571	0.1522276269				
612	69.319	0.1522646471				
613	69.858	0.152301619				
614	69.9371428571	0.1523385601				
615	70.2438571429	0.1523748192				
616	70.4487142857	0.1524106462				
617	70.4658571429	0.152445058				
618	70.9362857143	0.1524793408				
619	70.9494285714	0.1525133806				
620	70.713	0.1525465195				
621	70.8717142857	0.1525785083				
622	71.226	0.1526104751				
623	71.251	0.1526424101				
624	71.3002857143	0.152674491				
625	71.5578571429	0.1527068141				
626	71.6687142857	0.1527395903				
627	71.7672857143	0.1527731479				
628	72.438	0.1528066032				
629	71.9462857143	0.152839924				
630	71.9955714286	0.1528725946				
631	71.6802857143	0.1529045699				
632	71.5925714286	0.1529365206				
633	71.7397142857	0.1529684417				
634	72.5318571429	0.1530002809				
635	72.4441428571	0.1530320063				
636	72.7165714286	0.1530635612				
637	72.4417142857	0.1530948275				
638	73.0012857143	0.1531260643				
639	72.9938571429	0.1531572301				
640	73.1818571429	0.1531883351				
641	73.2157142857	0.1532192127				
642	73.1777142857	0.1532500839				
643	74.1841428571	0.1532809034				
644	74.8521428571	0.153311722				
645	74.909	0.153341779				
646	74.9957142857	0.1533718359				
647	75.6031428571	0.1534018495				
648	75.4548571429	0.1534318549				
649	75.9341428571	0.1534619457				
650	75.6554285714	0.1534920773				
651	75.7122857143	0.1535224475				
652	76.1137142857	0.1535530366				
653	76.1701428571	0.1535835078				
654	75.7064285714	0.1536138011				
655	75.6071428571	0.153643793				
656	75.4621428571	0.1536729054				
657	75.5901428571	0.1537020183				
658	75.9197142857	0.1537311475				
659	76.041	0.1537602768				
660	75.5971428571	0.1537900154				
661	76.2187142857	0.1538199106				
662	75.6452857143	0.1538497734				
663	75.8705714286	0.1538796167				
664	76.214	0.1539095269				
665	76.3278571429	0.1539395197				
666	76.102	0.1539696488				
667	76.6467142857	0.1540001242				
668	76.4057142857	0.1540305783				
669	76.8207142857	0.1540609133				
670	77.0652857143	0.1540912442				
671	77.6734285714	0.1541212046				
672	76.6752857143	0.1541511649				
673	77.6951428571	0.1541810731				
674	77.4415714286	0.1542109715				
675	76.3992857143	0.1542407799				
676	76.0121428571	0.1542705443				
677	74.5574285714	0.1543002834				
678	74.6298571429	0.1543299963				
679	75.5952857143	0.1543596454				
680	75.7344285714	0.1543891491				
681	76.4271428571	0.154418608				
682	76.9367142857	0.1544476799				
683	76.5558571429	0.1544767519				
684	76.7814285714	0.1545057004				
685	76.479	0.1545346306				
686	76.8171428571	0.1545633611				
687	76.8647142857	0.1545919721				
688	77.0378571429	0.1546206642				
689	77.6547142857	0.1546495028				
690	77.0677142857	0.1546784485				
691	78.2132857143	0.1547083098				
692	79.0081428571	0.1547381711				
693	80.7444285714	0.1547679275				
694	80.3617142857	0.1547976761				
695	80.1815714286	0.1548269918				
696	79.5061428571	0.154856161				
697	79.2301428571	0.1548853034				
698	78.9331428571	0.1549144213				
699	79.1022857143	0.1549434689				
700	79.1672857143	0.1549723454				
701	80.0661428571	0.1550012015				
702	80.1031428571	0.1550295975				
703	80.7868571429	0.1550579935				
704	79.8864285714	0.1550865851				
705	79.7225714286	0.15511524				
706	79.5791428571	0.1551442913				
707	79.3192857143	0.1551737563				
708	78.868	0.1552031596				
709	78.52	0.1552324083				
710	78.6417142857	0.1552616153				
711	78.2662857143	0.155290227				
712	77.5671428571	0.1553188386				
713	77.349	0.1553473664				
714	77.49	0.1553758726				
715	76.8551428571	0.1554041938				
716	76.1825714286	0.1554323428				
717	75.5132857143	0.1554604968				
718	75.5931428571	0.1554886695				
719	75.6782857143	0.1555168422				
720	75.3308571429	0.1555458795				
721	75.1671428571	0.1555750061				
722	75.244	0.1556040973				
723	74.5187142857	0.1556331716				
724	74.6662857143	0.1556623338				
725	74.2891428571	0.1556916061				
726	73.4194285714	0.1557210088				
727	73.6758571429	0.1557508601				
728	72.8741428571	0.155780695				
729	72.7902857143	0.1558102195				
730	72.8882857143	0.155839744				
731	74.3524285714	0.1558684886				
732	75.9368571429	0.1558970961				
733	75.5594285714	0.1559257697				
734	76.0625714286	0.155954491				
735	75.8225714286	0.1559834258				
736	75.5621428571	0.1560128145				
737	76.0992857143	0.156042212				
738	76.2081428571	0.1560716791				
739	76.132	0.1561011463				
740	76.4855714286	0.1561322119				
741	76.098	0.156163442				
742	76.5291428571	0.156194625				
743	76.2625714286	0.1562257982				
744	76.0625714286	0.1562572595				
745	76.319	0.1562888198				
746	76.3438571429	0.1563213033				
747	76.1771428571	0.1563542078				
748	76.446	0.1563869497				
749	76.1144285714	0.1564196264				
750	75.994	0.1564511195				
751	75.8342857143	0.1564821666				
752	76.0498571429	0.1565131779				
753	75.9887142857	0.1565441686				
754	76.0395714286	0.1565753866				
755	76.0968571429	0.1566067984				
756	76.3901428571	0.1566388412				
757	76.3617142857	0.156671589				
758	76.045	0.1567042912				
759	75.8007142857	0.156736946				
760	75.8184285714	0.156769468				
761	75.5368571429	0.1568018577				
762	74.921	0.156834218				
763	75.0511428571	0.1568665484				
764	73.93	0.1568987818				
765	73.5707142857	0.1569309131				
766	73.1304285714	0.1569628227				
767	73.2687142857	0.1569944788				
768	73.628	0.1570259849				
769	74.0135714286	0.15705728				
770	73.32	0.1570880473				
771	73.4672857143	0.1571177919				
772	73.9722857143	0.15714752				
773	74.158	0.1571771603				
774	75.3134285714	0.1572068006				
775	77.4044285714	0.1572350807				
776	78.555	0.1572633137				
777	80.403	0.157291526				
778	80.7827142857	0.1573197279				
779	80.6871428571	0.1573479818				
780	80.2177142857	0.1573763264				
781	79.5195714286	0.1574046983				
782	78.823	0.1574334154				
783	77.9724285714	0.1574621324				
784	77.3738571429	0.1574907171				
785	76.3892857143	0.157519271				
786	76.3725714286	0.1575476215				
787	76.3952857143	0.1575757972				
788	76.797	0.157603944				
789	76.9158571429	0.1576319957				
790	76.9841428571	0.1576600473				
791	77.1127142857	0.1576877921				
792	77.2345714286	0.1577155095				
793	77.2422857143	0.1577434404				
794	77.3262857143	0.1577715285				
795	77.489	0.1578000546				
796	77.0018571429	0.1578298028				
797	76.723	0.1578595396				
798	76.3712857143	0.1578891466				
799	76.3921428571	0.1579187537				
800	76.1074285714	0.159694471				
801	75.7307142857	0.1625565093				
802	75.6121428571	0.1656363473				
803	75.4697142857	0.1689308802				
804	75.1944285714	0.172393708				
805	75.1798571429	0.1760540319				
806	74.926	0.179819378				
807	75.2087142857	0.1836208773				
808	74.9547142857	0.1874249819				
809	74.4732857143	0.1911819691				
810	74.6941428571	0.1949919678				
811	74.7518571429	0.1989486715				
812	75.5368571429	0.2031159312				
813	75.6792857143	0.2072151732				
814	76.6157142857	0.2112231053				
815	76.1321428571	0.2150754941				
816	75.9635714286	0.2187850352				
817	75.8884285714	0.2224221688				
818	75.8117142857	0.2258399735				
819	74.6444285714	0.2290258359				
820	74.9035714286	0.232176611				
821	74.4767142857	0.2350431112				
822	73.693	0.2376254019				
823	73.4952857143	0.2401169676				
824	72.9482857143	0.242388175				
825	72.6591428571	0.2444494204				
826	72.2798571429	0.2463219364				
827	71.9608571429	0.2480046726				
828	71.6024285714	0.2495186782				
829	71.5672857143	0.2508480687				
830	71.4115714286	0.25199114				
831	71.344	0.2529792203				
832	71.2444285714	0.2538311159				
833	70.6377142857	0.2545951419				
834	70.4118571429	0.2552350914				
835	70.6777142857	0.2557471537				
836	69.5011428571	0.2561950219				
837	69.116	0.2566126904				
838	68.6025714286	0.2570163722				
839	68.2528571429	0.2573760756				
840	68.0271428571	0.2576716833				
841	67.2572857143	0.257932631				
842	67.4441428571	0.2581762296				
843	67.4497142857	0.2584235623				
844	67.5031428571	0.2586679814				
845	67.3422857143	0.2589269986				
846	67.354	0.2592216717				
847	67.556	0.259604221				
848	67.4605714286	0.2599819212				
849	66.4695714286	0.2603550383				
850	64.2378571429	0.2607161633				
851	62.4987142857	0.2611134791				
852	60.1724285714	0.2616085052				
853	61.0787142857	0.2622262311				
854	61.3735714286	0.2629478342				
855	61.9657142857	0.2638032521				
856	62.4768571429	0.2648185914				
857	62.9712857143	0.2659944497				
858	63.5945714286	0.2672742439				
859	63.819	0.2686484005				
860	64.187	0.2701066278				
861	64.8397142857	0.2716300548				
862	65.3331428571	0.2731017773				
863	65.8321428571	0.2744949917				
864	66.261	0.2757700338				
865	66.937	0.2768701675				
866	67.3002857143	0.2777241573				
867	67.6672857143	0.2782538065				
868	68.2197142857	0.2783945441				
869	68.7221428571	0.2781695896				
870	68.7568571429	0.2775983164				
871	69.0415714286	0.2767068898				
872	69.3208571429	0.2755579698				
873	69.0122857143	0.2742508532				
874	69.5491428571	0.2728139491				
875	69.6514285714	0.2713246422				
876	69.9502857143	0.269908584				
877	69.8675714286	0.2685731805				
878	70.0437142857	0.2673771091				
879	70.0591428571	0.2664016071				
880	70.1734285714	0.2656678211				
881	70.3808571429	0.2651686736				
882	70.5388571429	0.264911898				
883	70.4727142857	0.2649026194				
884	70.724	0.2651714019				
885	70.8134285714	0.2656985634				
886	70.9028571429	0.2664066134				
887	71.0985714286	0.267218487				
888	71.1751428571	0.2680721847				
889	71.6611428571	0.2689668775				
890	71.3471428571	0.2698092891				
891	71.5027142857	0.2705462035				
892	72.2601428571	0.2711900198				
893	72.3602857143	0.2717289656				
894	72.8608571429	0.2721322535				
895	73.6542857143	0.272387224				
896	74.3595714286	0.2724878118				
897	74.8032857143	0.2724585041				
898	75.1062857143	0.272286078				
899	75.8812857143	0.2719926001				
900	76.1471428571	0.2717000443				
901	76.8034285714	0.2714551905				
902	75.6248571429	0.2712812851				
903	72.3745714286	0.2712142384				
904	70.8625714286	0.2712827322				
905	72.4101428571	0.2715412121				
906	71.1217142857	0.2720250329				
907	69.448	0.272709175				
908	70.3438571429	0.2735843232				
909	71.9007142857	0.2746461287				
910	72.4325714286	0.2758664445				
911	71.0367142857	0.2771499214				
912	71.6542857143	0.2783999418				
913	71.1381428571	0.2796475688				
914	70.511	0.2808516124				
915	71.6167142857	0.2819627476				
916	73.106	0.2829011731				
917	73.5752857143	0.2835959201				
918	72.6234285714	0.2839365514				
919	72.5964285714	0.2838801086				
920	73.402	0.2834128847				
921	71.407	0.2825639657				
922	72.5788571429	0.2814031986				
923	71.4375714286	0.2799704901				
924	70.474	0.2783430962				
925	72.243	0.2766897793				
926	74.539	0.2751822036				
927	72.5051428571	0.2738949182				
928	72.2215714286	0.2728501968				
929	72.7952857143	0.272002412				
930	71.3758571429	0.2713807844				
931	72.7771428571	0.2710095825				
932	73.0741428571	0.2708033984				
933	72.3201428571	0.2706337708				
934	71.196	0.2703770028				
935	72.1577142857	0.2699223294				
936	72.025	0.2691783329				
937	70.7524285714	0.2681011663				
938	70.5441428571	0.2667372562				
939	70.2125714286	0.2651111736				
940	72.1485714286	0.2633332723				
941	74.9044285714	0.2614937239				
942	73.6954285714	0.2596430776				
943	71.5128571429	0.2579203989				
944	72.3818571429	0.2565065433				
945	73.7745714286	0.2555746196				
946	74.2425714286	0.2552273994				
947	73.2287142857	0.2555418553				
948	71.5797142857	0.2564416799				
949	71.1392857143	0.2579926131				
950	70.964	0.2601926219				
951	70.0814285714	0.2629918624				
952	71.93	0.2661299735				
953	72.9344285714	0.2694577905				
954	72.0277142857	0.2729553564				
955	74.1537142857	0.2764297802				
956	72.8357142857	0.2795517243				
957	73.1567142857	0.2821752352				
958	73.3114285714	0.2843146775				
959	72.344	0.2858784973				
960	72.0815714286	0.2868523076				
961	71.678	0.2872897492				
962	77.3661428571	0.2872009321				
963	76.1568571429	0.2866503623				
964	73.6781428571	0.2856794291				
965	73.1284285714	0.2843319493				
966	73.9064285714	0.2827358843				
967	75.3851428571	0.2809420102				
968	73.1421428571	0.2789126583				
969	71.9118571429	0.2767237461				
970	71.6308571429	0.274502213				
971	72.1947142857	0.2723446612				
972	71.2305714286	0.2704158185				
973	73.0305714286	0.2688823895				
974	71.872	0.2677427477				
975	70.9907142857	0.2670649267				
976	72.3948571429	0.2668874974				
977	70.1527142857	0.2671692956				
978	69.252	0.2678147305				
979	70.2901428571	0.2686577561				
980	72.7961428571	0.2695283747				
981	70.74	0.2702604834				
982	70.0751428571	0.2706654915				
983	69.6097142857	0.2705493628				
984	69.9372857143	0.2697799127				
985	68.7467142857	0.268235135				
986	68.5965714286	0.2659357696				
987	68.1354285714	0.2633330059				
988	70.6317142857	0.2607448847				
989	72.8511428571	0.258375403				
990	71.8844285714	0.2564493751				
991	70.8445714286	0.2550527883				
992	71.4658571429	0.2542966484				
993	71.9215714286	0.254290479				
994	72.2822857143	0.2550139978				
995	71.8784285714	0.256383085				
996	71.9728571429	0.2581140138				
997	71.8331428571	0.2599710374				
998	72.4981428571	0.2617097096				
999	68.3475714286	0.2630162175				
1000	67.6034285714	0.2636281777				
1001	70.785	0.2633521756				
1002	72.1951428571	0.2620652101				
1003	72.4532857143	0.2597674803				
1004	74.0088571429	0.2565620795				
1005	72.1511428571	0.2527041173				
1006	73.3844285714	0.248498899				
1007	74.2347142857	0.2443132834				
1008	71.7642857143	0.2404649082				
1009	71.3072857143	0.2371045393				
1010	72.9274285714	0.2344360003				
1011	73.5735714286	0.2326642102				
1012	72.0688571429	0.2318679801				
1013	71.6231428571	0.2320711164				
1014	72.1642857143	0.2332291304				
1015	72.1958571429	0.2352571524				
1016	71.7642857143	0.2380135741				
1017	69.9815714286	0.2412124252				
1018	72.6462857143	0.244517262				
1019	71.4412857143	0.2476930521				
1020	71.1552857143	0.2504349666				
1021	72.6347142857	0.2524929646				
1022	71.3338571429	0.2536791287				
1023	73.5225714286	0.2538762104				
1024	73.1282857143	0.253150861				
1025	73.2292857143	0.2517582931				
1026	74.4711428571	0.250008053				
1027	73.3827142857	0.2481789531				
1028	73.1338571429	0.246558119				
1029	75.054	0.2452805694				
1030	74.9461428571	0.2443496545				
1031	74.03	0.2436621962				
1032	73.1925714286	0.2430061702				
1033	75.4212857143	0.2421671659				
1034	73.9798571429	0.2409036417				
1035	73.0592857143	0.238894739				
1036	73.3648571429	0.2359989295				
1037	71.6995714286	0.2322167716				
1038	71.2374285714	0.2276609427				
1039	70.3045714286	0.2225579072				
1040	71.8587142857	0.2172047892				
1041	72.3292857143	0.2119455075				
1042	72.839	0.2070385511				
1043	72.1632857143	0.2028045795				
1044	72.8842857143	0.1995075861				
1045	70.9102857143	0.1972289138				
1046	72.1921428571	0.1959021677				
1047	72.9992857143	0.1954540331				
1048	71.2278571429	0.1957920397				
1049	70.6407142857	0.1968589915				
1050	70.0102857143	0.198477525				
1051	71.416	0.2003483124				
1052	71.2485714286	0.2022989315				
1053	71.9765714286	0.2042214781				
1054	71.8061428571	0.2059938151				
1055	72.8068571429	0.2076462929				
1056	71.8907142857	0.2092944554				
1057	72.7688571429	0.2111137079				
1058	74.234	0.2132648315				
1059	75.6308571429	0.2158390844				
1060	75.781	0.218946403				
1061	74.0972857143	0.2227070055				
1062	72.7287142857	0.2271288262				
1063	74.1104285714	0.2321983938				
1064	74.4942857143	0.2376580115				
1065	72.0115714286	0.2431398479				
1066	75.1061428571	0.2483108638				
1067	74.1524285714	0.2526585562				
1068	77.1104285714	0.2557824046				
1069	73.8407142857	0.2575003087				
1070	73.6064285714	0.2575628212				
1071	73.9968571429	0.2562833844				
1072	75.7698571429	0.2543941722				
1073	74.5157142857	0.2524536092				
1074	75.441	0.2508741236				
1075	74.7712857143	0.2500805696				
1076	73.9867142857	0.2503390121				
1077	74.4227142857	0.2517172016				
1078	73.5814285714	0.2539165395				
1079	73.3984285714	0.2564732686				
1080	73.3344285714	0.258922009				
1081	72.1414285714	0.2605863469				
1082	71.4845714286	0.2610147155				
1083	68.9977142857	0.2599256345				
1084	72.9262857143	0.2574119605				
1085	72.8652857143	0.2537430311				
1086	73.04	0.2495982958				
1087	73.2095714286	0.2457382985				
1088	72.4684285714	0.242807111				
1089	72.5015714286	0.2411765597				
1090	73.9652857143	0.2409864981				
1091	71.8275714286	0.2422020323				
1092	70.8171428571	0.2447202474				
1093	71.8962857143	0.2481914159				
1094	71.6122857143	0.2520940641				
1095	70.0082857143	0.2556683855				
1096	70.1255714286	0.2583960089				
1097	71.6872857143	0.2599413029				
1098	70.7395714286	0.2600188022				
1099	71.5168571429	0.2585331914				
1100	73.0607142857	0.2557258585				
1101	72.3717142857	0.2519139681				
1102	73.5192857143	0.2476595128				
1103	74.6261428571	0.2434916085				
1104	72.8171428571	0.2395824913				
1105	73.318	0.2358749121				
1106	73.1041428571	0.2325699702				
1107	71.7642857143	0.2296803774				
1108	72.9928571429	0.2271716796				
1109	72.8574285714	0.2251107133				
1110	71.5167142857	0.2233925133				
1111	70.7291428571	0.2220708478				
1112	71.2587142857	0.2212063111				
1113	69.9385714286	0.2207921821				
1114	70.4861428571	0.2207723305				
1115	70.5561428571	0.2211478915				
1116	71.1102857143	0.2219347789				
1117	73.8155714286	0.2230916809				
1118	72.4504285714	0.2245754129				
1119	71.916	0.226362396				
1120	71.65	0.2284574822				
1121	72.253	0.2308346372				
1122	71.2048571429	0.2334483849				
1123	73.2622857143	0.2360551297				
1124	74.4484285714	0.2384505028				
1125	72.5121428571	0.240460715				
1126	73.7392857143	0.2416896139				
1127	74.8254285714	0.2419380905				
1128	73.7261428571	0.2410866919				
1129	75.6074285714	0.2390496218				
1130	73.6245714286	0.2359846405				
1131	72.8621428571	0.2321467214				
1132	73.457	0.2278009158				
1133	74.2908571429	0.2236171485				
1134	73.3724285714	0.2195065637				
1135	72.8495714286	0.2155471478				
1136	73.3802857143	0.2118051892				
1137	72.5967142857	0.2084910503				
1138	71.1215714286	0.2056692795				
1139	72.1047142857	0.2034126004				
1140	72.814	0.2017286098				
1141	70.5591428571	0.2003466937				
1142	71.4351428571	0.1990927849				
1143	71.7942857143	0.1976427263				
1144	69.016	0.1955780724				
1145	72.8268571429	0.1926553462				
1146	72.4051428571	0.1887161793				
1147	71.0081428571	0.1837751734				
1148	71.25	0.1780678724				
1149	71.1255714286	0.1721140282				
1150	70.1265714286	0.1662898859				
1151	72.0044285714	0.1647804062				
1152	72.0835714286	0.1647973919				
1153	72.208	0.1648144666				
1154	71.9065714286	0.1648316171				
1155	70.2212857143	0.1648487675				
1156	71.0285714286	0.1648659179				
1157	71.4905714286	0.164883198				
1158	71.134	0.1649005203				
1159	70.538	0.1649178425				
1160	72.4095714286	0.1649351634				
1161	72.8645714286	0.1678608086				
1162	72.6275714286	0.1716065023				
1163	73.857	0.1746882886				
1164	73.8811428571	0.1769585465				
1165	73.55	0.1784118434				
1166	75.4628571429	0.1791750627				
1167	73.8741428571	0.1796282				
1168	73.9994285714	0.1802569685				
1169	75.039	0.181433833				
1170	75.0417142857	0.1834928157				
1171	73.7484285714	0.1865820592				
1172	73.6934285714	0.1905347458				
1173	73.9867142857	0.1949784643				
1174	73.5707142857	0.1995211768				
1175	72.9922857143	0.2032998129				
1176	73.7647142857	0.2058053796				
1177	72.2341428571	0.2067604721				
1178	73.273	0.2060853878				
1179	75.1782857143	0.2039847733				
1180	73.4377142857	0.2009227568				
1181	73.7784285714	0.197434664				
1182	73.3891428571	0.1941339179				
1183	72.2211428571	0.1913218299				
1184	71.3902857143	0.1893075268				
1185	71.5384285714	0.1884154579				
1186	72.4682857143	0.1887093323				
1187	70.7131428571	0.1900454032				
1188	71.7265714286	0.1920877453				
1189	71.577	0.1943965249				
1190	70.8788571429	0.1964961284				
1191	72.476	0.1979775828				
1192	72.9352857143	0.1984898344				
1193	71.6448571429	0.1981131711				
1194	72.3095714286	0.1972264504				
1195	72.1697142857	0.1962761642				
1196	73.4828571429	0.1956420225				
1197	73.1078571429	0.1954943542				
1198	73.1837142857	0.1958195586				
1199	71.412	0.1963799112				
1200	70.8128571429	0.1967430099				
1201	71.6341428571	0.196504035				
1202	72.5207142857	0.1953218736				
1203	72.6671428571	0.1929625447				
1204	72.157	0.1896782972				
1205	71.1892857143	0.1861434226				
1206	72.295	0.1830930322				
1207	71.299	0.1810286015				
1208	70.5855714286	0.1803169652				
1209	72.3534285714	0.1810044588				
1210	70.8331428571	0.1828475214				
1211	70.4778571429	0.1852866045				
1212	71.1674285714	0.1875056851				
1213	70.7077142857	0.1885725361				
1214	71.9387142857	0.187706557				
1215	71.8554285714	0.1846629485				
1216	71.8371428571	0.1796020743				
1217	71.9362857143	0.1734279709				
1218	71.074	0.1673603064				
1219	71.804	0.165907522				
1220	69.8858571429	0.1659238783				
1221	71.6108571429	0.1659402003				
1222	70.4658571429	0.1659565222				
1223	70.2235714286	0.1659728441				
1224	69.8014285714	0.1692020157				
1225	71.073	0.174233878				
1226	72.053	0.1790389759				
1227	72.4435714286	0.182904025				
1228	72.7302857143	0.185462603				
1229	72.8074285714	0.1866352931				
1230	72.514	0.1867009918				
1231	72.6794285714	0.1860905859				
1232	72.3542857143	0.1857866685				
1233	71.9234285714	0.1871653877				
1234	71.1964285714	0.1910294264				
1235	72.8714285714	0.1976046468				
1236	72.7307142857	0.2061512129				
1237	71.5854285714	0.21457448				
1238	69.8992857143	0.2201074802				
1239	72.0368571429	0.2205227792				
1240	73.4244285714	0.2156341612				
1241	72.4628571429	0.2078389723				
1242	71.3602857143	0.1997174628				
1243	70.5795714286	0.1925708005				
1244	68.7902857143	0.1869897312				
1245	67.2897142857	0.1830443571				
1246	68.9782857143	0.1804139247				
1247	70.4224285714	0.1785731064				
1248	69.5521428571	0.176980101				
1249	69.5097142857	0.175076502				
1250	68.9364285714	0.1723000122				
1251	69.6548571429	0.1681437731				
1252	69.8801428571	0.1664312059				
1253	69.1145714286	0.1664471976				
1254	70.9042857143	0.1664631893				
1255	71.0768571429	0.166479181				
1256	68.1487142857	0.1664951248				
1257	68.8934285714	0.1665106565				
1258	69.9337142857	0.1665261883				
1259	71.7065714286	0.16654172				
1260	71.0181428571	0.1665572518				
1261	69.7632857143	0.1665726032				
1262	72.2224285714	0.1665879396				
1263	71.2987142857	0.166603276				
1264	71.4905714286	0.1666186124				
1265	70.3697142857	0.1679740658				
1266	72.1221428571	0.1724759044				
1267	71.3557142857	0.1759507819				
1268	71.5221428571	0.1774278828				
1269	71.9507142857	0.1769942454				
1270	71.8517142857	0.1760201255				
1271	71.2712857143	0.1763461204				
1272	70.8674285714	0.179301272				
1273	70.9387142857	0.185353295				
1274	71.3275714286	0.193949242				
1275	72.597	0.2044128998				
1276	72.6991428571	0.2145117871				
1277	73.0232857143	0.2224603249				
1278	71.6622857143	0.2265419999				
1279	71.7452857143	0.2249257562				
1280	71.4975714286	0.2178015421				
1281	71.7254285714	0.2085217412				
1282	71.1057142857	0.20249747				
1283	69.6801428571	0.2012627706				
1284	69.3341428571	0.2040200831				
1285	69.4952857143	0.2086277779				
1286	71.7372857143	0.2122139753				
1287	72.4441428571	0.2140514418				
1288	70.4268571429	0.2149132311				
1289	71.1237142857	0.2156078832				
1290	71.3112857143	0.2165050049				
1291	72.4251428571	0.2176853131				
1292	71.9351428571	0.2191666403				
1293	69.8375714286	0.2202775432				
1294	71.211	0.220183558				
1295	71.4782857143	0.218740612				
1296	71.2925714286	0.2170518007				
1297	70.6985714286	0.2158300154				
1298	70.186	0.2132831486				
1299	69.6045714286	0.2054318958				
1300	69.8807142857	0.1903920559				
1301	69.3967142857	0.1718416667				
1302	68.0822857143	0.1671918545				
1303	68.4891428571	0.1672064753				
1304	68.6597142857	0.1672215506				
1305	69.9821428571	0.1672366709				
1306	71.9438571429	0.1760723459				
1307	71.2402857143	0.1827285492				
1308	71.7142857143	0.1756558078				
1309	69.6822857143	0.1672981718				
1310	67.0845714286	0.1673139235				
1311	67.204	0.1673296751				
1312	67.9815714286	0.1673457365				
1313	69.5852857143	0.1673621167				
1314	70.582	0.1673784969				
1315	71.207	0.1673948771				
1316	69.6331428571	0.1674109389				
1317	68.515	0.1674267169				
1318	67.5055714286	0.1674424949				
1319	68.6477142857	0.1674582728				
1320	68.7777142857	0.1674739445				
1321	68.2468571429	0.1674894651				
1322	67.5837142857	0.1675049858				
1323	67.877	0.1675205064				
1324	67.3934285714	0.1675361399				
1325	67.2678571429	0.1675521523				
1326	67.841	0.1675681648				
1327	68.5154285714	0.1675841772				
1328	68.108	0.1676002083				
1329	68.5977142857	0.1676163276				
1330	68.5631428571	0.1676324469				
1331	67.8924285714	0.1676485661				
1332	69.1407142857	0.1676646706				
1333	71.022	0.1676806881				
1334	70.1545714286	0.1676967056				
1335	69.946	0.1677127231				
1336	70.7237142857	0.1677286757				
1337	71.0131428571	0.1677439846				
1338	71.9427142857	0.1677592935				
1339	71.2645714286	0.1677746024				
1340	71.416	0.1722327534				
1341	70.0518571429	0.1696319695				
1342	68.134	0.1678194951				
1343	67.2881428571	0.167834245				
1344	67.8935714286	0.167848995				
1345	68.9684285714	0.1678636806				
1346	68.507	0.1678782868				
1347	69.0191428571	0.1678928929				
1348	68.8941428571	0.1679074991				
1349	68.8451428571	0.1679221055				
1350	68.8001428571	0.1679368277				
1351	69.3167142857	0.1679515498				
1352	69.8815714286	0.167966272				
1353	69.8512857143	0.1679809942				
1354	70.4707142857	0.1679960656				
1355	70.7737142857	0.1680113786				
1356	71.1481428571	0.1680266915				
1357	71.2742857143	0.1680420044				
1358	70.8234285714	0.1680573833				
1359	72.2184285714	0.1680728842				
1360	71.8242857143	0.1680883851				
1361	71.7454285714	0.168103886				
1362	72.0544285714	0.168119443				
1363	72.357	0.1681352912				
1364	71.1518571429	0.1681511394				
1365	70.6032857143	0.1681669875				
1366	71.1491428571	0.1681828413				
1367	72.0397142857	0.1681987753				
1368	71.5461428571	0.1682147094				
1369	71.4582857143	0.1682306435				
1370	70.0731428571	0.1682465776				
1371	67.7422857143	0.1682624267				
1372	67.3334285714	0.1682782749				
1373	66.5727142857	0.1682941231				
1374	66.1488571429	0.1683099712				
1375	69.7838571429	0.1683257496				
1376	71.1767142857	0.1683415195				
1377	68.6527142857	0.1683572894				
1378	67.9912857143	0.1683730593				
1379	68.388	0.168388629				
1380	68.0641428571	0.1684041403				
1381	67.6408571429	0.1684196516				
1382	67.6238571429	0.1684351629				
1383	67.4928571429	0.1684505766				
1384	67.0118571429	0.1684659218				
1385	65.918	0.1684812671				
1386	66.7814285714	0.1684966123				
1387	65.781	0.1685119199				
1388	66.1328571429	0.1685271591				
1389	67.823	0.1685423983				
1390	68.1665714286	0.1685576375				
1391	68.0762857143	0.1685729577				
1392	68.2991428571	0.1685890492				
1393	68.81	0.1686051406				
1394	68.7882857143	0.168621232				
1395	68.2745714286	0.1686373751				
1396	68.5628571429	0.1686543332				
1397	68.5531428571	0.1686712913				
1398	68.5314285714	0.1686882494				
1399	68.9858571429	0.1687049875				
1400	69.1638571429	0.1687209912				
1401	69.3204285714	0.1687369948				
1402	68.9931428571	0.1687529985				
1403	67.7065714286	0.1687689395				
1404	67.6571428571	0.1687845807				
1405	67.5838571429	0.1688002219				
1406	67.1115714286	0.1688158632				
1407	68.0895714286	0.1688314953				
1408	67.6582857143	0.1688467135				
1409	67.6538571429	0.1688619318				
1410	69.5722857143	0.16887715				
1411	70.789	0.1688923683				
1412	70.3018571429	0.1689076739				
1413	70.994	0.168923008				
1414	72.0447142857	0.1689383421				
1415	72.8311428571	0.1689536761				
1416	73.4858571429	0.168968978				
1417	73.9885714286	0.1689842502				
1418	74.4384285714	0.1689995224				
1419	74.2382857143	0.1690147946				
1420	73.351	0.1690298883				
1421	73.2488571429	0.1690444946				
1422	74.6355714286	0.1917031975				
1423	74.254	0.2295672383				
1424	71.7452857143	0.2445669331				
1425	71.7827142857	0.2535821273				
1426	71.2832857143	0.2586204091				
1427	71.0235714286	0.2571419181				
1428	70.8267142857	0.2529460639				
1429	71.0481428571	0.248574964				
1430	70.4221428571	0.2391114319				
1431	71.6945714286	0.2365081767				
1432	72.1191428571	0.2451816711				
1433	70.9277142857	0.2397537066				
1434	69.766	0.2193089873				
1435	69.9735714286	0.2115810899				
1436	71.5095714286	0.2203836629				
1437	71.9351428571	0.2215152679				
1438	70.7802857143	0.2187126195				
1439	70.8572857143	0.2187107116				
1440	71.7444285714	0.2213723869				
1441	72.5584285714	0.2254404082				
1442	72.7621428571	0.2361719629				
1443	73.8275714286	0.2460816129				
1444	72.2785714286	0.2281687839				
1445	69.5495714286	0.1901313394				
1446	68.7602857143	0.1785528339				
1447	69.6952857143	0.205850729				
1448	73.2442857143	0.2264589988				
1449	76.965	0.228065862				
1450	73.5941428571	0.2265610011				
1451	72.406	0.2277543369				
1452	71.8594285714	0.2322822142				
1453	72.0371428571	0.2313032384				
1454	72.6605714286	0.2281282505				
1455	71.8211428571	0.2295151088				
1456	71.7261428571	0.2325650292				
1457	72.6981428571	0.2296544765				
1458	72.0497142857	0.2243377334				
1459	71.3512857143	0.2220915964				
1460	71.6557142857	0.2206418347				
1461	72.0177142857	0.2072773482				
1462	70.6128571429	0.1837100879				
1463	70.0767142857	0.1788638485				
1464	70.3415714286	0.2077806954				
1465	73.9805714286	0.221891591				
1466	74.8451428571	0.2288835512				
1467	73.2018571429	0.2334275501				
1468	72.215	0.2334037804				
1469	72.0305714286	0.2240092609				
1470	70.0794285714	0.2110203638				
1471	70.2765714286	0.196191648				
1472	71.4152857143	0.2146243369				
1473	74.2704285714	0.2360147073				
1474	74.6042857143	0.2419940134				
1475	72.1637142857	0.2428182324				
1476	71.815	0.2343339379				
1477	71.3464285714	0.2296168793				
1478	70.082	0.2270560919				
1479	73.019	0.2425189329				
1480	73.2328571429	0.2504527032				
1481	71.5171428571	0.2478233067				
1482	70.7048571429	0.236274955				
1483	70.2895714286	0.2130745895				
1484	68.2332857143	0.1776451874				
1485	70.907	0.1700192418				
1486	70.907	0.1700192418				

