#	Prior		for	TALDICE	from	AICC2012.
0.0	1.0	0.0
0.25 	1.0	0.0
0.5	0.9997	0.004545633				
1.5	0.9994	0.004556495				
2.5	0.99909	0.0045664878				
3.5	0.99876	0.0045770658				
4.5	0.99841	0.0045888119				
5.5	0.99805	0.0046015873				
6.5	0.99767	0.0046153669				
7.5	0.99727	0.0046294432				
8.5	0.99685	0.0046443998				
9.5	0.99641	0.0046612849				
10.5	0.99597	0.0046782636				
11.5	0.99551	0.0046958334				
12.5	0.99504	0.0047305354				
13.5	0.99457	0.0047686564				
14.5	0.99409	0.0048070773				
15.5	0.99361	0.0048496042				
16.5	0.99312	0.0048932539				
17.5	0.99262	0.0049367998				
18.5	0.99211	0.0049831444				
19.5	0.99161	0.0050294976				
20.5	0.9911	0.005074909				
21.5	0.99058	0.0051189006				
22.5	0.99006	0.0051564923				
23.5	0.98953	0.0051616953				
24.5	0.989	0.0051674958				
25.5	0.98846	0.0052194852				
26.5	0.98791	0.0052822511				
27.5	0.98737	0.0053443918				
28.5	0.98682	0.005405988				
29.5	0.98627	0.0054680057				
30.5	0.98571	0.0055292003				
31.5	0.98515	0.0055912906				
32.5	0.98458	0.0056499426				
33.5	0.98401	0.0057088068				
34.5	0.98343	0.0057532136				
35.5	0.98284	0.0057934592				
36.5	0.98226	0.0057817326				
37.5	0.98167	0.0057396594				
38.5	0.98108	0.0056920193				
39.5	0.98048	0.0056380189				
40.5	0.97988	0.0055826021				
41.5	0.97927	0.0055229589				
42.5	0.97865	0.005471326				
43.5	0.97803	0.0054354727				
44.5	0.97741	0.0054150871				
45.5	0.97678	0.0054243779				
46.5	0.97616	0.0054696325				
47.5	0.97553	0.0055752502				
48.5	0.9749	0.0056802148				
49.5	0.97426	0.005783794				
50.5	0.97362	0.005887603				
51.5	0.97298	0.0059913362				
52.5	0.97233	0.00609293				
53.5	0.97168	0.0061935748				
54.5	0.97103	0.0062634747				
55.5	0.97037	0.0063267926				
56.5	0.96971	0.0063448064				
57.5	0.96904	0.0063620073				
58.5	0.96837	0.0063791415				
59.5	0.9677	0.0063956045				
60.5	0.96702	0.006411108				
61.5	0.96635	0.0064216818				
62.5	0.96567	0.0064290431				
63.5	0.96499	0.0064267033				
64.5	0.96431	0.0064016406				
65.5	0.96362	0.0063580219				
66.5	0.96292	0.0063094162				
67.5	0.96222	0.0062602643				
68.5	0.96152	0.0062110903				
69.5	0.96081	0.0061590053				
70.5	0.96011	0.0061065821				
71.5	0.9594	0.0061367312				
72.5	0.95869	0.0061941875				
73.5	0.95797	0.0063025628				
74.5	0.95726	0.006408505				
75.5	0.95653	0.0065129078				
76.5	0.95581	0.006612308				
77.5	0.95508	0.0067100838				
78.5	0.95435	0.0068058743				
79.5	0.95362	0.0068398582				
80.5	0.95288	0.0068573015				
81.5	0.95214	0.0068651274				
82.5	0.9514	0.0068718052				
83.5	0.95066	0.0068775095				
84.5	0.94992	0.0068803508				
85.5	0.94917	0.0068820473				
86.5	0.94842	0.0068824924				
87.5	0.94766	0.0069333915				
88.5	0.94691	0.0069905561				
89.5	0.94614	0.0070426874				
90.5	0.94538	0.0070913542				
91.5	0.94462	0.0071382921				
92.5	0.94385	0.0071827173				
93.5	0.94309	0.0072246751				
94.5	0.94232	0.0072468839				
95.5	0.94155	0.0071905732				
96.5	0.94078	0.0070891117				
97.5	0.94001	0.0069649516				
98.5	0.93924	0.0068310411				
99.5	0.93848	0.0066914196				
100.5	0.93771	0.0065473393				
101.5	0.93695	0.0063948986				
102.5	0.93618	0.0062470525				
103.5	0.93541	0.0061051053				
104.5	0.93464	0.0060753616				
105.5	0.93387	0.006081152				
106.5	0.93309	0.0061236455				
107.5	0.93231	0.0061642136				
108.5	0.93154	0.00620297				
109.5	0.93076	0.0062384372				
110.5	0.92998	0.0062791061				
111.5	0.9292	0.0063200404				
112.5	0.92841	0.0063486005				
113.5	0.92762	0.0063746335				
114.5	0.92683	0.0063989338				
115.5	0.92604	0.0064205518				
116.5	0.92525	0.0064890679				
117.5	0.92446	0.0066055824				
118.5	0.92367	0.0068063888				
119.5	0.92288	0.0070414256				
120.5	0.9221	0.0072776812				
121.5	0.92131	0.0075007633				
122.5	0.92052	0.007708402				
123.5	0.91973	0.007908317				
124.5	0.91894	0.0080998285				
125.5	0.91815	0.0081600284				
126.5	0.91736	0.0081802166				
127.5	0.91657	0.0081648598				
128.5	0.91578	0.0081480356				
129.5	0.91499	0.0081307253				
130.5	0.9142	0.0081129494				
131.5	0.91341	0.0080933063				
132.5	0.91262	0.0081049164				
133.5	0.91183	0.0081510289				
134.5	0.91105	0.0082101669				
135.5	0.91026	0.0082694395				
136.5	0.90947	0.0083283625				
137.5	0.90868	0.0083884333				
138.5	0.90789	0.0084465599				
139.5	0.9071	0.0085046802				
140.5	0.90631	0.008569577				
141.5	0.90552	0.008665728				
142.5	0.90473	0.0087678528				
143.5	0.90394	0.0088658972				
144.5	0.90315	0.0089611825				
145.5	0.90236	0.0090552121				
146.5	0.90157	0.0091476025				
147.5	0.90078	0.0091602453				
148.5	0.9	0.0091444564				
149.5	0.89921	0.0090996131				
150.5	0.89842	0.0090512659				
151.5	0.89763	0.009000463				
152.5	0.89684	0.0089465346				
153.5	0.89605	0.0088852147				
154.5	0.89526	0.0087939638				
155.5	0.89447	0.0086881737				
156.5	0.89368	0.0086633197				
157.5	0.89289	0.0086386591				
158.5	0.8921	0.0086141835				
159.5	0.89131	0.0085899317				
160.5	0.89052	0.0086637747				
161.5	0.88973	0.0087626076				
162.5	0.88895	0.0088740312				
163.5	0.88816	0.0089629576				
164.5	0.88737	0.0090509937				
165.5	0.88658	0.0091383918				
166.5	0.88579	0.0092250496				
167.5	0.885	0.0093090176				
168.5	0.88421	0.0093787647				
169.5	0.88342	0.0094234411				
170.5	0.88263	0.009445388				
171.5	0.88184	0.0094651652				
172.5	0.88105	0.0094856774				
173.5	0.88026	0.0095073914				
174.5	0.87947	0.0095273099				
175.5	0.87868	0.0095456269				
176.5	0.8779	0.0095676964				
177.5	0.87711	0.0096223967				
178.5	0.87632	0.0097015204				
179.5	0.87553	0.0097892214				
180.5	0.87474	0.0098769178				
181.5	0.87395	0.0099571544				
182.5	0.87316	0.0100043378				
183.5	0.87237	0.010032886				
184.5	0.87158	0.0100472558				
185.5	0.87079	0.0100411936				
186.5	0.87	0.0100303877				
187.5	0.86921	0.0100176449				
188.5	0.86843	0.0100033251				
189.5	0.86764	0.0099806019				
190.5	0.86685	0.0099490292				
191.5	0.86606	0.0098942353				
192.5	0.86527	0.009810468				
193.5	0.86448	0.0097289477				
194.5	0.86369	0.0096447646				
195.5	0.8629	0.0095864305				
196.5	0.86211	0.0095992315				
197.5	0.86132	0.0096613067				
198.5	0.86053	0.0097531462				
199.5	0.85974	0.0098699239				
200.5	0.85895	0.0099842393				
201.5	0.85817	0.0100972695				
202.5	0.85738	0.0101939674				
203.5	0.85659	0.0102465337				
204.5	0.8558	0.0102209825				
205.5	0.85501	0.0101825045				
206.5	0.85422	0.0101440703				
207.5	0.85343	0.0101068982				
208.5	0.85264	0.0100688156				
209.5	0.85185	0.0100435887				
210.5	0.85106	0.0101063802				
211.5	0.85027	0.0101569345				
212.5	0.84948	0.0101915797				
213.5	0.84869	0.0101902525				
214.5	0.8479	0.010187824				
215.5	0.84711	0.0101849791				
216.5	0.84633	0.0101819785				
217.5	0.84554	0.0101234591				
218.5	0.84475	0.0100662171				
219.5	0.84396	0.0100118282				
220.5	0.84317	0.009963306				
221.5	0.84238	0.009914373				
222.5	0.84159	0.0098641858				
223.5	0.8408	0.00981218				
224.5	0.84001	0.0097362221				
225.5	0.83922	0.0097239745				
226.5	0.83843	0.0097758418				
227.5	0.83764	0.0098950285				
228.5	0.83685	0.0100135798				
229.5	0.83607	0.010133183				
230.5	0.83528	0.0102556716				
231.5	0.83449	0.0103914179				
232.5	0.8337	0.0105163598				
233.5	0.83291	0.0106245679				
234.5	0.83212	0.0107067095				
235.5	0.83133	0.0107885102				
236.5	0.83054	0.0108698799				
237.5	0.82975	0.0109764565				
238.5	0.82897	0.0111530863				
239.5	0.82818	0.011330161				
240.5	0.82739	0.0115211355				
241.5	0.8266	0.0117204735				
242.5	0.82581	0.0119185734				
243.5	0.82502	0.0120643431				
244.5	0.82423	0.0121814243				
245.5	0.82344	0.0122794797				
246.5	0.82265	0.0123671124				
247.5	0.82186	0.0124408791				
248.5	0.82108	0.0125131644				
249.5	0.82029	0.0125830637				
250.5	0.8195	0.0126495321				
251.5	0.81871	0.0127043223				
252.5	0.81792	0.0127564054				
253.5	0.81713	0.0128029869				
254.5	0.81634	0.0128414946				
255.5	0.81555	0.0128792609				
256.5	0.81476	0.0129162797				
257.5	0.81397	0.0129623439				
258.5	0.81318	0.0130198995				
259.5	0.8124	0.0130765454				
260.5	0.81161	0.0131314021				
261.5	0.81082	0.0131845118				
262.5	0.81003	0.0132355171				
263.5	0.80924	0.0132830308				
264.5	0.80845	0.0133047753				
265.5	0.80766	0.0133191166				
266.5	0.80687	0.0133282291				
267.5	0.80608	0.0133280254				
268.5	0.8053	0.0133240066				
269.5	0.80451	0.0133054749				
270.5	0.80372	0.0132616553				
271.5	0.80293	0.0131798682				
272.5	0.80214	0.0131165496				
273.5	0.80135	0.0130510973				
274.5	0.80056	0.0129817174				
275.5	0.79977	0.0129123034				
276.5	0.79899	0.0128624467				
277.5	0.7982	0.0128389933				
278.5	0.79741	0.0128178035				
279.5	0.79662	0.0127954817				
280.5	0.79583	0.0127725516				
281.5	0.79504	0.0127439225				
282.5	0.79425	0.0127301805				
283.5	0.79346	0.0127351782				
284.5	0.79268	0.0127625071				
285.5	0.79189	0.0128225833				
286.5	0.7911	0.0128880597				
287.5	0.79031	0.012951568				
288.5	0.78952	0.0130117474				
289.5	0.78873	0.0130734714				
290.5	0.78794	0.0131428458				
291.5	0.78715	0.0131867866				
292.5	0.78637	0.0132167624				
293.5	0.78558	0.0132386444				
294.5	0.78479	0.0132528753				
295.5	0.784	0.0132500216				
296.5	0.78321	0.0132164846				
297.5	0.78242	0.0131701872				
298.5	0.78163	0.0131169058				
299.5	0.78085	0.0130576665				
300.5	0.78006	0.0129893418				
301.5	0.77927	0.0129183996				
302.5	0.77848	0.0129301976				
303.5	0.77769	0.0130226747				
304.5	0.7769	0.0130905868				
305.5	0.77612	0.0131238361				
306.5	0.77533	0.0131459679				
307.5	0.77454	0.013159843				
308.5	0.77375	0.0131655155				
309.5	0.77296	0.013193784				
310.5	0.77217	0.0132771596				
311.5	0.77138	0.0134048155				
312.5	0.7706	0.0135639257				
313.5	0.76981	0.0137309417				
314.5	0.76902	0.0137541117				
315.5	0.76823	0.0137509409				
316.5	0.76744	0.0137262725				
317.5	0.76665	0.0136682775				
318.5	0.76587	0.0135770138				
319.5	0.76508	0.0134856415				
320.5	0.76429	0.0134260554				
321.5	0.7635	0.0133902235				
322.5	0.76271	0.0133660306				
323.5	0.76192	0.0133478562				
324.5	0.76114	0.0133386431				
325.5	0.76035	0.0133434918				
326.5	0.75956	0.0133369388				
327.5	0.75877	0.0133272715				
328.5	0.75798	0.0133224502				
329.5	0.75719	0.0133320568				
330.5	0.75641	0.0133543126				
331.5	0.75562	0.0133853491				
332.5	0.75483	0.0133949241				
333.5	0.75404	0.0133727175				
334.5	0.75326	0.0133312554				
335.5	0.75247	0.0132936338				
336.5	0.75168	0.013265079				
337.5	0.75089	0.0132474004				
338.5	0.7501	0.0131909158				
339.5	0.74932	0.0130809693				
340.5	0.74853	0.0129162553				
341.5	0.74774	0.0127063766				
342.5	0.74695	0.0124698119				
343.5	0.74616	0.0121924093				
344.5	0.74537	0.0120024772				
345.5	0.74459	0.0119142847				
346.5	0.7438	0.0119052542				
347.5	0.74301	0.0119302214				
348.5	0.74222	0.0120118188				
349.5	0.74144	0.0121118701				
350.5	0.74065	0.0122948622				
351.5	0.73986	0.0125392526				
352.5	0.73907	0.0127713691				
353.5	0.73829	0.0129899373				
354.5	0.7375	0.0131989052				
355.5	0.73671	0.0133973121				
356.5	0.73592	0.0135465592				
357.5	0.73513	0.0136752713				
358.5	0.73435	0.0137841486				
359.5	0.73356	0.0138600024				
360.5	0.73277	0.0139055489				
361.5	0.73198	0.013954314				
362.5	0.7312	0.0140306738				
363.5	0.73041	0.014114478				
364.5	0.72962	0.0141936616				
365.5	0.72883	0.0142658635				
366.5	0.72805	0.0143342341				
367.5	0.72726	0.0144124746				
368.5	0.72647	0.0145458184				
369.5	0.72568	0.0147516417				
370.5	0.7249	0.014968236				
371.5	0.72411	0.0151872399				
372.5	0.72332	0.0154071397				
373.5	0.72254	0.0156097051				
374.5	0.72175	0.0157083145				
375.5	0.72096	0.0157979274				
376.5	0.72017	0.0158406785				
377.5	0.71939	0.0158606744				
378.5	0.7186	0.0158766628				
379.5	0.71781	0.0158762392				
380.5	0.71702	0.0158629153				
381.5	0.71624	0.0158310234				
382.5	0.71545	0.0157797551				
383.5	0.71466	0.0157176499				
384.5	0.71388	0.0156636857				
385.5	0.71309	0.0156237957				
386.5	0.71231	0.0155693412				
387.5	0.71152	0.0155017645				
388.5	0.71073	0.0154360702				
389.5	0.70995	0.0153907487				
390.5	0.70916	0.0154130709				
391.5	0.70837	0.0154787318				
392.5	0.70758	0.0156286466				
393.5	0.7068	0.0157737361				
394.5	0.70601	0.01590603				
395.5	0.70522	0.0159273649				
396.5	0.70444	0.0158827628				
397.5	0.70365	0.0158122449				
398.5	0.70286	0.0157155837				
399.5	0.70208	0.0156669034				
400.5	0.70129	0.0157712558				
401.5	0.70051	0.0159472626				
402.5	0.69972	0.0161147736				
403.5	0.69893	0.0162721109				
404.5	0.69815	0.0164046526				
405.5	0.69736	0.0164765508				
406.5	0.69657	0.0164282313				
407.5	0.69579	0.0163700461				
408.5	0.695	0.0162953282				
409.5	0.69421	0.0162091874				
410.5	0.69343	0.0161133744				
411.5	0.69264	0.0160237379				
412.5	0.69186	0.015954476				
413.5	0.69107	0.0159619794				
414.5	0.69029	0.0159991855				
415.5	0.6895	0.0160692475				
416.5	0.68871	0.0162112111				
417.5	0.68793	0.0163699687				
418.5	0.68714	0.0164609854				
419.5	0.68635	0.0164869177				
420.5	0.68557	0.0164996184				
421.5	0.68478	0.016520502				
422.5	0.684	0.0165444022				
423.5	0.68321	0.0165675387				
424.5	0.68243	0.0165922688				
425.5	0.68164	0.0166217936				
426.5	0.68085	0.0166753276				
427.5	0.68007	0.0167316827				
428.5	0.67928	0.0168055782				
429.5	0.6785	0.0169271811				
430.5	0.67771	0.0170728678				
431.5	0.67693	0.0171205545				
432.5	0.67614	0.0170014286				
433.5	0.67536	0.0168727119				
434.5	0.67457	0.0167333225				
435.5	0.67378	0.016584056				
436.5	0.673	0.0166353796				
437.5	0.67221	0.0166993323				
438.5	0.67143	0.0167572097				
439.5	0.67064	0.0167963045				
440.5	0.66986	0.0168264419				
441.5	0.66907	0.0168731353				
442.5	0.66829	0.0169262219				
443.5	0.6675	0.0169761895				
444.5	0.66672	0.0170191963				
445.5	0.66593	0.0170570613				
446.5	0.66515	0.0172005677				
447.5	0.66436	0.0173882517				
448.5	0.66358	0.0175682699				
449.5	0.66279	0.017738796				
450.5	0.66201	0.0179006489				
451.5	0.66122	0.0179739392				
452.5	0.66044	0.0180085945				
453.5	0.65965	0.0180463733				
454.5	0.65887	0.0180994623				
455.5	0.65809	0.0181687605				
456.5	0.6573	0.0182855224				
457.5	0.65652	0.018444052				
458.5	0.65573	0.0185735356				
459.5	0.65495	0.0186514785				
460.5	0.65416	0.0187038388				
461.5	0.65338	0.0187329824				
462.5	0.65259	0.0186847983				
463.5	0.65181	0.0185856887				
464.5	0.65103	0.0184608341				
465.5	0.65024	0.0183181607				
466.5	0.64946	0.0181455994				
467.5	0.64868	0.0179630527				
468.5	0.64789	0.0178309739				
469.5	0.64694	0.0179358174				
470.5	0.64598	0.0181581184				
471.5	0.64502	0.018338191				
472.5	0.64407	0.0184610101				
473.5	0.64302	0.018460856				
474.5	0.64187	0.0183526512				
475.5	0.64072	0.0183233009				
476.5	0.63957	0.0183543579				
477.5	0.63842	0.0183903112				
478.5	0.63728	0.0184353695				
479.5	0.63614	0.0184829599				
480.5	0.635	0.0183530988				
481.5	0.63385	0.0182166642				
482.5	0.63271	0.0180886713				
483.5	0.63157	0.017993495				
484.5	0.63043	0.0180487158				
485.5	0.62929	0.0182896261				
486.5	0.62815	0.0184535045				
487.5	0.62702	0.0185261787				
488.5	0.62589	0.0185737859				
489.5	0.62475	0.0184264403				
490.5	0.62362	0.0182256886				
491.5	0.62249	0.0180794263				
492.5	0.62135	0.0181414494				
493.5	0.62021	0.0182528343				
494.5	0.61907	0.0183970688				
495.5	0.61793	0.018517407				
496.5	0.6168	0.0185607818				
497.5	0.61566	0.0185841589				
498.5	0.61452	0.0187350308				
499.5	0.61338	0.0189356201				
500.5	0.61224	0.0191823088				
501.5	0.61109	0.0195265827				
502.5	0.60993	0.019846846				
503.5	0.60878	0.0200164183				
504.5	0.60763	0.020101654				
505.5	0.60649	0.020055422				
506.5	0.60535	0.0199611376				
507.5	0.60421	0.0199001526				
508.5	0.60307	0.0198305416				
509.5	0.60193	0.0197217585				
510.5	0.60078	0.01960539				
511.5	0.59964	0.0197001156				
512.5	0.5985	0.019817136				
513.5	0.59737	0.0199562886				
514.5	0.59624	0.0201238866				
515.5	0.59512	0.020292005				
516.5	0.59399	0.0204458607				
517.5	0.59285	0.0205739458				
518.5	0.5917	0.0206729596				
519.5	0.59055	0.0207095255				
520.5	0.58939	0.0206984335				
521.5	0.58826	0.0207078006				
522.5	0.58714	0.0207177962				
523.5	0.58601	0.0205607599				
524.5	0.58489	0.0202903071				
525.5	0.58377	0.0199657955				
526.5	0.58265	0.0196000411				
527.5	0.58153	0.0195175032				
528.5	0.58041	0.0197780439				
529.5	0.57929	0.0199870342				
530.5	0.57817	0.0200777801				
531.5	0.57705	0.0199244911				
532.5	0.57594	0.019134572				
533.5	0.57482	0.0194109104				
534.5	0.5737	0.0197749961				
535.5	0.57259	0.0199288562				
536.5	0.57147	0.0198223499				
537.5	0.57036	0.0195806142				
538.5	0.56925	0.0194149187				
539.5	0.56815	0.0199901163				
540.5	0.56704	0.0205612805				
541.5	0.56594	0.0209321155				
542.5	0.56484	0.0211258579				
543.5	0.56373	0.0211963047				
544.5	0.56262	0.0209852283				
545.5	0.56152	0.0207570612				
546.5	0.56042	0.0206291519				
547.5	0.55931	0.0205773799				
548.5	0.55821	0.0204998086				
549.5	0.55711	0.0203534396				
550.5	0.55601	0.0200557924				
551.5	0.55492	0.0199973972				
552.5	0.55383	0.0204065838				
553.5	0.55274	0.0206976526				
554.5	0.55165	0.0208535466				
555.5	0.55057	0.0206739783				
556.5	0.54949	0.0205166797				
557.5	0.5484	0.0212624055				
558.5	0.54731	0.0219615746				
559.5	0.54622	0.0225373291				
560.5	0.54514	0.0228638305				
561.5	0.54405	0.0229731343				
562.5	0.54297	0.0230150641				
563.5	0.54189	0.0229986546				
564.5	0.54082	0.0229734038				
565.5	0.53975	0.0229724772				
566.5	0.53868	0.0230203442				
567.5	0.53761	0.023068758				
568.5	0.53655	0.0229542861				
569.5	0.53548	0.0227483649				
570.5	0.53442	0.0225199582				
571.5	0.53336	0.0222767545				
572.5	0.5323	0.0223927319				
573.5	0.53124	0.0226826085				
574.5	0.53018	0.0229537983				
575.5	0.52911	0.0232155601				
576.5	0.52803	0.0234606448				
577.5	0.52696	0.0236648302				
578.5	0.52588	0.0238912704				
579.5	0.52482	0.0241192717				
580.5	0.52375	0.0241994375				
581.5	0.52268	0.0241705291				
582.5	0.52162	0.0241261585				
583.5	0.52055	0.0240577756				
584.5	0.51949	0.024194167				
585.5	0.51842	0.0244548581				
586.5	0.51736	0.0247338435				
587.5	0.5163	0.0250313044				
588.5	0.51524	0.0252326146				
589.5	0.51418	0.0252822517				
590.5	0.51312	0.0253027252				
591.5	0.51205	0.02530947				
592.5	0.51097	0.0253451813				
593.5	0.5099	0.0254044741				
594.5	0.50886	0.0254502368				
595.5	0.50784	0.0254885048				
596.5	0.50682	0.0255779273				
597.5	0.5058	0.0256930665				
598.5	0.5048	0.0258165996				
599.5	0.50383	0.0259392315				
600.5	0.50284	0.0259913433				
601.5	0.50187	0.0259907338				
602.5	0.50088	0.0259873307				
603.5	0.49989	0.0259871166				
604.5	0.4989	0.0260345571				
605.5	0.49792	0.0261093401				
606.5	0.49693	0.0261942633				
607.5	0.49594	0.0263099903				
608.5	0.49496	0.0265012858				
609.5	0.49397	0.0266942766				
610.5	0.49299	0.0268839178				
611.5	0.49201	0.0270108916				
612.5	0.49102	0.027085873				
613.5	0.49004	0.0271236351				
614.5	0.48906	0.0271435767				
615.5	0.48808	0.0271657386				
616.5	0.48711	0.0272072902				
617.5	0.48613	0.0272650939				
618.5	0.48515	0.027373551				
619.5	0.48417	0.0275483583				
620.5	0.48319	0.0277310864				
621.5	0.48221	0.0279261345				
622.5	0.48123	0.0281109331				
623.5	0.48026	0.0282808506				
624.5	0.47929	0.0284255593				
625.5	0.47832	0.028467423				
626.5	0.47735	0.0284134064				
627.5	0.47639	0.0283748011				
628.5	0.47543	0.0283615763				
629.5	0.47447	0.0283892484				
630.5	0.4735	0.0284545643				
631.5	0.47252	0.0285367363				
632.5	0.47153	0.0286276376				
633.5	0.47054	0.0286846719				
634.5	0.46956	0.0286955789				
635.5	0.46859	0.0287043637				
636.5	0.46763	0.0287541381				
637.5	0.46666	0.0288198074				
638.5	0.4657	0.0288806764				
639.5	0.46474	0.0289369596				
640.5	0.46377	0.0290278716				
641.5	0.46281	0.0291503198				
642.5	0.46184	0.0293115029				
643.5	0.46087	0.0294861974				
644.5	0.45991	0.0296575004				
645.5	0.45895	0.0298137276				
646.5	0.458	0.0299703256				
647.5	0.45705	0.0301317823				
648.5	0.45609	0.0302483373				
649.5	0.45512	0.0303457929				
650.5	0.45415	0.0304150806				
651.5	0.45319	0.0304728176				
652.5	0.45223	0.0304945483				
653.5	0.45127	0.030493694				
654.5	0.45031	0.0305075576				
655.5	0.44934	0.0305767466				
656.5	0.44837	0.030644977				
657.5	0.4474	0.0306643275				
658.5	0.44645	0.0306572894				
659.5	0.4455	0.0306145235				
660.5	0.44455	0.0305829135				
661.5	0.4436	0.0305577684				
662.5	0.44265	0.0305383331				
663.5	0.44171	0.0305164163				
664.5	0.44076	0.0304899798				
665.5	0.43982	0.0304710738				
666.5	0.43887	0.0304794026				
667.5	0.43793	0.0305383674				
668.5	0.43698	0.0306437324				
669.5	0.43604	0.030773363				
670.5	0.4351	0.0308093578				
671.5	0.43416	0.0308446471				
672.5	0.43321	0.0309223257				
673.5	0.43227	0.0310599312				
674.5	0.43133	0.0312496853				
675.5	0.43038	0.0314189151				
676.5	0.42944	0.03156516				
677.5	0.42849	0.0317046314				
678.5	0.42756	0.0318404531				
679.5	0.42662	0.031973349				
680.5	0.42568	0.0320937587				
681.5	0.42474	0.0322077078				
682.5	0.42378	0.0323222783				
683.5	0.42283	0.0324221938				
684.5	0.42187	0.0324741445				
685.5	0.42091	0.0324592125				
686.5	0.41994	0.0324538304				
687.5	0.41906	0.0324850325				
688.5	0.41823	0.0325428948				
689.5	0.41741	0.0325816613				
690.5	0.41666	0.0326274052				
691.5	0.41597	0.03270468				
692.5	0.41528	0.0328110118				
693.5	0.4146	0.0329023268				
694.5	0.41391	0.0329901535				
695.5	0.41322	0.0331048296				
696.5	0.41253	0.0332076552				
697.5	0.41184	0.0332834848				
698.5	0.41116	0.0333520435				
699.5	0.41047	0.033412795				
700.5	0.40978	0.0334425137				
701.5	0.4091	0.0334498823				
702.5	0.40841	0.033481562				
703.5	0.40772	0.0335638089				
704.5	0.40704	0.0336223193				
705.5	0.40635	0.0336761755				
706.5	0.40567	0.0337471528				
707.5	0.40498	0.0338527692				
708.5	0.40429	0.0339856941				
709.5	0.40361	0.0341106852				
710.5	0.40292	0.0341393995				
711.5	0.40224	0.0341665122				
712.5	0.40155	0.0342447524				
713.5	0.40087	0.034354679				
714.5	0.40018	0.0344713597				
715.5	0.3995	0.034593764				
716.5	0.39882	0.0347394553				
717.5	0.39813	0.0348936079				
718.5	0.39745	0.0350207723				
719.5	0.39676	0.0350444134				
720.5	0.39608	0.0350094137				
721.5	0.3954	0.0349763926				
722.5	0.39471	0.0350301778				
723.5	0.39403	0.0351190103				
724.5	0.39335	0.0352550009				
725.5	0.39266	0.0354507966				
726.5	0.39198	0.035600845				
727.5	0.3913	0.0357027598				
728.5	0.39062	0.0357986768				
729.5	0.38994	0.0358812797				
730.5	0.38925	0.0359608644				
731.5	0.38857	0.0360588902				
732.5	0.38789	0.0361727887				
733.5	0.38721	0.0362804533				
734.5	0.38653	0.0363728693				
735.5	0.38585	0.03646209				
736.5	0.38517	0.0365975665				
737.5	0.38449	0.0367239495				
738.5	0.38381	0.0367984359				
739.5	0.38313	0.0368825947				
740.5	0.38245	0.037035258				
741.5	0.38177	0.0372243419				
742.5	0.38109	0.0374315527				
743.5	0.38041	0.0376196952				
744.5	0.37973	0.0376470124				
745.5	0.37905	0.0375983935				
746.5	0.37837	0.0376685979				
747.5	0.37769	0.0377954731				
748.5	0.37701	0.0379284941				
749.5	0.37634	0.0380700104				
750.5	0.37566	0.0382176713				
751.5	0.37498	0.0383377112				
752.5	0.3743	0.0384579428				
753.5	0.37363	0.038616065				
754.5	0.37295	0.0387529692				
755.5	0.37227	0.038810951				
756.5	0.37159	0.0388304588				
757.5	0.37091	0.0388778137				
758.5	0.37024	0.038961265				
759.5	0.36956	0.0390394311				
760.5	0.36889	0.0390525526				
761.5	0.36821	0.0389763374				
762.5	0.36753	0.0389209984				
763.5	0.36686	0.038957509				
764.5	0.36618	0.0390252929				
765.5	0.36551	0.039134768				
766.5	0.36492	0.0392508018				
767.5	0.36436	0.0393538414				
768.5	0.36385	0.0394178594				
769.5	0.36344	0.039469129				
770.5	0.36303	0.0395373484				
771.5	0.36264	0.0396071352				
772.5	0.36224	0.0396573135				
773.5	0.36184	0.0397050564				
774.5	0.36144	0.0397445634				
775.5	0.36104	0.039768325				
776.5	0.36064	0.0398156325				
777.5	0.36025	0.039907675				
778.5	0.35986	0.0399800003				
779.5	0.35946	0.0399651678				
780.5	0.35904	0.0399464044				
781.5	0.35863	0.0398839644				
782.5	0.35823	0.039845849				
783.5	0.35784	0.0399101114				
784.5	0.35746	0.0400445522				
785.5	0.35708	0.0401506378				
786.5	0.3567	0.0402452396				
787.5	0.35633	0.04038018				
788.5	0.35594	0.0405463987				
789.5	0.35556	0.0406764436				
790.5	0.35517	0.0407360294				
791.5	0.35479	0.0407341674				
792.5	0.35441	0.0407309699				
793.5	0.35403	0.0407867641				
794.5	0.35365	0.0408992506				
795.5	0.35326	0.040972382				
796.5	0.35288	0.0410330142				
797.5	0.3525	0.0410928872				
798.5	0.35214	0.0411542079				
799.5	0.35177	0.0412363747				
800.5	0.35141	0.0413435902				
801.5	0.35105	0.0414450663				
802.5	0.3507	0.0415398838				
803.5	0.35035	0.0416540998				
804.5	0.35001	0.0417607974				
805.5	0.34967	0.0418144962				
806.5	0.34932	0.041886661				
807.5	0.34897	0.041974423				
808.5	0.34861	0.0420685483				
809.5	0.34826	0.0421911342				
810.5	0.34792	0.0423169571				
811.5	0.34761	0.0424493169				
812.5	0.34729	0.0425851496				
813.5	0.34698	0.0427106675				
814.5	0.34667	0.0428166214				
815.5	0.34636	0.0429052683				
816.5	0.34606	0.0429941714				
817.5	0.34575	0.0431323607				
818.5	0.34544	0.0432545977				
819.5	0.34516	0.0433520461				
820.5	0.34486	0.0434073727				
821.5	0.34455	0.0434569569				
822.5	0.34427	0.0435223292				
823.5	0.34395	0.0435493788				
824.5	0.34358	0.0435547537				
825.5	0.34313	0.0435571307				
826.5	0.34268	0.0436031483				
827.5	0.34223	0.0436401175				
828.5	0.34179	0.0436591875				
829.5	0.34135	0.0435849271				
830.5	0.3409	0.0435243346				
831.5	0.34045	0.0435156269				
832.5	0.34001	0.0435527486				
833.5	0.33957	0.0436446728				
834.5	0.33913	0.043654233				
835.5	0.33867	0.0435748151				
836.5	0.33823	0.0435785763				
837.5	0.33779	0.0436006501				
838.5	0.33736	0.0436315138				
839.5	0.33691	0.043626076				
840.5	0.33647	0.043543334				
841.5	0.33602	0.0434038021				
842.5	0.33558	0.0432292909				
843.5	0.33513	0.0430591452				
844.5	0.33468	0.0428718089				
845.5	0.33424	0.0427064036				
846.5	0.33379	0.0426102475				
847.5	0.33334	0.0427463988				
848.5	0.33289	0.0428353025				
849.5	0.33246	0.0428425616				
850.5	0.33202	0.0426724196				
851.5	0.33158	0.0424248363				
852.5	0.33114	0.0422302798				
853.5	0.3307	0.0421555403				
854.5	0.33026	0.0420967438				
855.5	0.32981	0.042053855				
856.5	0.32936	0.0421104588				
857.5	0.32892	0.0423020899				
858.5	0.32847	0.0424299274				
859.5	0.32803	0.0424780183				
860.5	0.3276	0.042390332				
861.5	0.32717	0.0421683994				
862.5	0.32673	0.0418706962				
863.5	0.3263	0.0415223688				
864.5	0.32587	0.0412690885				
865.5	0.32543	0.0412882439				
866.5	0.325	0.0415518241				
867.5	0.32457	0.0416485768				
868.5	0.32414	0.0413517102				
869.5	0.32371	0.0409620592				
870.5	0.32329	0.0407691614				
871.5	0.32285	0.0407922957				
872.5	0.32242	0.0410312275				
873.5	0.32199	0.041724201				
874.5	0.32155	0.0421517391				
875.5	0.3211	0.0422792919				
876.5	0.32065	0.0425166991				
877.5	0.32021	0.0423912675				
878.5	0.31976	0.0421204466				
879.5	0.31933	0.0421074967				
880.5	0.31888	0.0422004271				
881.5	0.31844	0.0419166387				
882.5	0.318	0.0424146542				
883.5	0.31756	0.0429903605				
884.5	0.31712	0.0431390581				
885.5	0.31668	0.0429154888				
886.5	0.31625	0.0422691086				
887.5	0.3158	0.042692487				
888.5	0.31536	0.0429200627				
889.5	0.31491	0.0433630733				
890.5	0.31447	0.0435638394				
891.5	0.31403	0.0433237197				
892.5	0.31359	0.042808338				
893.5	0.31317	0.0427833001				
894.5	0.31274	0.0429036855				
895.5	0.31231	0.0431451915				
896.5	0.31187	0.0437046083				
897.5	0.31143	0.0441490462				
898.5	0.311	0.0442497961				
899.5	0.31057	0.0439003672				
900.5	0.31014	0.0436788857				
901.5	0.3097	0.0437027225				
902.5	0.30926	0.0434574378				
903.5	0.30878	0.0440424061				
904.5	0.30824	0.0445032479				
905.5	0.30762	0.0446731572				
906.5	0.30701	0.0444982642				
907.5	0.3064	0.0439260444				
908.5	0.30579	0.0445927413				
909.5	0.30518	0.0450160905				
910.5	0.30457	0.0453831417				
911.5	0.30396	0.045471422				
912.5	0.30334	0.0452207017				
913.5	0.30273	0.0450586913				
914.5	0.30212	0.0450144679				
915.5	0.30152	0.0450009568				
916.5	0.30091	0.0452440074				
917.5	0.3003	0.0457097995				
918.5	0.29969	0.0459217528				
919.5	0.29909	0.0457545302				
920.5	0.29848	0.0451377942				
921.5	0.29787	0.0457246562				
922.5	0.29727	0.045881319				
923.5	0.29667	0.0458390061				
924.5	0.29607	0.0456949217				
925.5	0.29546	0.0459414731				
926.5	0.29485	0.0465422116				
927.5	0.29424	0.0469391455				
928.5	0.29363	0.047150044				
929.5	0.29302	0.0471695882				
930.5	0.29241	0.0469769583				
931.5	0.2918	0.0468685557				
932.5	0.29119	0.0469440837				
933.5	0.29059	0.046897626				
934.5	0.28999	0.0464558162				
935.5	0.28938	0.046984354				
936.5	0.28878	0.0473765978				
937.5	0.28818	0.0475210342				
938.5	0.28757	0.0474561123				
939.5	0.28696	0.0471184469				
940.5	0.28636	0.0475579841				
941.5	0.28575	0.0482908578				
942.5	0.28514	0.048600265				
943.5	0.28454	0.0485950846				
944.5	0.28393	0.0485289591				
945.5	0.28333	0.0484874996				
946.5	0.28272	0.0482318307				
947.5	0.28211	0.0479399727				
948.5	0.2815	0.0477867239				
949.5	0.2809	0.0483647702				
950.5	0.2803	0.0484067191				
951.5	0.27969	0.0480345419				
952.5	0.27909	0.0487187454				
953.5	0.27849	0.0489374049				
954.5	0.2779	0.0491320004				
955.5	0.2773	0.049262315				
956.5	0.27671	0.0491229872				
957.5	0.27612	0.0487726271				
958.5	0.27552	0.04861077				
959.5	0.27492	0.0491634486				
960.5	0.27433	0.049535701				
961.5	0.27374	0.0497925951				
962.5	0.27312	0.0498983734				
963.5	0.27247	0.0499803455				
964.5	0.2718	0.0502649458				
965.5	0.27112	0.050466756				
966.5	0.27045	0.0505429435				
967.5	0.26978	0.050606662				
968.5	0.26911	0.0506299013				
969.5	0.26844	0.0505411474				
970.5	0.26776	0.0503335354				
971.5	0.26709	0.0499620138				
972.5	0.26643	0.0501475439				
973.5	0.26576	0.0507966279				
974.5	0.26509	0.0510788971				
975.5	0.26442	0.0510527269				
976.5	0.26375	0.051345879				
977.5	0.26308	0.0517410465				
978.5	0.26242	0.0520154564				
979.5	0.26175	0.0520824854				
980.5	0.26109	0.0520567335				
981.5	0.26042	0.0520787252				
982.5	0.25975	0.0522452995				
983.5	0.25909	0.0524074802				
984.5	0.25843	0.0525290468				
985.5	0.25776	0.0526069581				
986.5	0.2571	0.0525948075				
987.5	0.25644	0.0524693803				
988.5	0.25578	0.0522200336				
989.5	0.25511	0.0516866334				
990.5	0.25445	0.0518679032				
991.5	0.25379	0.0526205073				
992.5	0.25313	0.0528940811				
993.5	0.25247	0.0531938666				
994.5	0.25181	0.0535076175				
995.5	0.25115	0.0538829269				
996.5	0.2505	0.0541013678				
997.5	0.24984	0.0540830871				
998.5	0.24918	0.0540054121				
999.5	0.24852	0.0540661348				
1000.5	0.24787	0.0541812496				
1001.5	0.24721	0.0544498673				
1002.5	0.24656	0.0548345727				
1003.5	0.2459	0.0549688595				
1004.5	0.24525	0.0548910593				
1005.5	0.2446	0.0547271589				
1006.5	0.24394	0.0544611951				
1007.5	0.24329	0.0546901552				
1008.5	0.24264	0.0553643423				
1009.5	0.24199	0.0558809283				
1010.5	0.24133	0.0561738105				
1011.5	0.24068	0.0563923743				
1012.5	0.24003	0.056508486				
1013.5	0.23938	0.0564296649				
1014.5	0.23873	0.0562541937				
1015.5	0.23808	0.0562594659				
1016.5	0.23744	0.0564545266				
1017.5	0.23679	0.0566878766				
1018.5	0.23614	0.056926063				
1019.5	0.2355	0.0570592354				
1020.5	0.23485	0.057101546				
1021.5	0.2342	0.0572262594				
1022.5	0.23356	0.0574466022				
1023.5	0.23291	0.0576321244				
1024.5	0.23227	0.0577669921				
1025.5	0.23163	0.0578355231				
1026.5	0.23099	0.057632612				
1027.5	0.23034	0.0570760181				
1028.5	0.2297	0.0568463351				
1029.5	0.22906	0.0573029371				
1030.5	0.22842	0.0579735809				
1031.5	0.22778	0.0585399617				
1032.5	0.22714	0.0587759032				
1033.5	0.2265	0.0588158596				
1034.5	0.22586	0.0588767909				
1035.5	0.22522	0.0588743926				
1036.5	0.22458	0.0589386157				
1037.5	0.22395	0.0590697384				
1038.5	0.22331	0.0590817709				
1039.5	0.22267	0.0590324302				
1040.5	0.22204	0.0590831997				
1041.5	0.2214	0.0592304645				
1042.5	0.22077	0.0592918842				
1043.5	0.22013	0.0594647387				
1044.5	0.2195	0.0597273037				
1045.5	0.21887	0.0599549443				
1046.5	0.21823	0.060097253				
1047.5	0.2176	0.0602483869				
1048.5	0.21697	0.0604367675				
1049.5	0.21634	0.0606547229				
1050.5	0.21571	0.0608507624				
1051.5	0.21508	0.0609579136				
1052.5	0.21445	0.0609961751				
1053.5	0.21382	0.0609258708				
1054.5	0.21319	0.0607728964				
1055.5	0.21256	0.0608288391				
1056.5	0.21193	0.0610597366				
1057.5	0.21131	0.0613086738				
1058.5	0.21068	0.0616439761				
1059.5	0.21006	0.0620266183				
1060.5	0.20943	0.0622445379				
1061.5	0.20881	0.0623157081				
1062.5	0.20819	0.0622560478				
1063.5	0.20756	0.0621518143				
1064.5	0.20694	0.0621522773				
1065.5	0.20632	0.0621742251				
1066.5	0.2057	0.0623912023				
1067.5	0.20508	0.0627447416				
1068.5	0.20446	0.0630719809				
1069.5	0.20384	0.0632648152				
1070.5	0.20322	0.0631968156				
1071.5	0.2026	0.063151287				
1072.5	0.20199	0.0635206974				
1073.5	0.20137	0.0638786789				
1074.5	0.20075	0.0640264437				
1075.5	0.20014	0.0640267672				
1076.5	0.19952	0.063895218				
1077.5	0.19891	0.0640319881				
1078.5	0.19829	0.06429257				
1079.5	0.19768	0.064372804				
1080.5	0.19707	0.0642239081				
1081.5	0.19646	0.064106434				
1082.5	0.19584	0.0643177225				
1083.5	0.19523	0.0649286118				
1084.5	0.19462	0.0654567306				
1085.5	0.19401	0.0655427786				
1086.5	0.19341	0.0653105437				
1087.5	0.1928	0.0651349209				
1088.5	0.19219	0.0648754143				
1089.5	0.19158	0.0648896511				
1090.5	0.19097	0.0652012995				
1091.5	0.19037	0.0652926578				
1092.5	0.18976	0.0652349979				
1093.5	0.18916	0.0653854179				
1094.5	0.18855	0.0655908433				
1095.5	0.18795	0.0657004192				
1096.5	0.18735	0.0658017052				
1097.5	0.18674	0.0660697233				
1098.5	0.18614	0.0664431693				
1099.5	0.18554	0.0668153875				
1100.5	0.18494	0.0672519442				
1101.5	0.18434	0.0670128077				
1102.5	0.18374	0.066276918				
1103.5	0.18314	0.0665732036				
1104.5	0.18254	0.0667394554				
1105.5	0.18195	0.0665004727				
1106.5	0.18135	0.067507867				
1107.5	0.18075	0.0680680849				
1108.5	0.18016	0.0681804461				
1109.5	0.17956	0.0681760667				
1110.5	0.17897	0.0683032667				
1111.5	0.17837	0.0684556187				
1112.5	0.17778	0.0685446953				
1113.5	0.17718	0.0687848821				
1114.5	0.17659	0.0688888433				
1115.5	0.176	0.0689672539				
1116.5	0.17541	0.0692703996				
1117.5	0.17482	0.0695587045				
1118.5	0.17423	0.0697308095				
1119.5	0.17364	0.0698841393				
1120.5	0.17305	0.0701599505				
1121.5	0.17247	0.0705511009				
1122.5	0.17188	0.0709936595				
1123.5	0.17129	0.0713522569				
1124.5	0.17071	0.0716176803				
1125.5	0.17012	0.0718904127				
1126.5	0.16954	0.072124081				
1127.5	0.16895	0.0723599044				
1128.5	0.16837	0.072565057				
1129.5	0.16779	0.072629496				
1130.5	0.16721	0.0727272061				
1131.5	0.16663	0.0727815407				
1132.5	0.16605	0.0728503406				
1133.5	0.16547	0.073015923				
1134.5	0.16489	0.0734704279				
1135.5	0.16431	0.0739546352				
1136.5	0.16373	0.074000974				
1137.5	0.16315	0.0738907869				
1138.5	0.16258	0.0738582454				
1139.5	0.162	0.0739546591				
1140.5	0.16142	0.0741021506				
1141.5	0.16085	0.0741757684				
1142.5	0.16028	0.0744487563				
1143.5	0.1597	0.0748234518				
1144.5	0.15913	0.0750841841				
1145.5	0.15856	0.0752579861				
1146.5	0.15799	0.0753902124				
1147.5	0.15742	0.0754469481				
1148.5	0.15685	0.0755024729				
1149.5	0.15628	0.0756578211				
1150.5	0.15571	0.075879451				
1151.5	0.15514	0.0759947608				
1152.5	0.15457	0.0760483383				
1153.5	0.154	0.0762254274				
1154.5	0.15344	0.0765539073				
1155.5	0.15287	0.0768039591				
1156.5	0.15231	0.0769120863				
1157.5	0.15174	0.0769784741				
1158.5	0.15118	0.0770178099				
1159.5	0.15061	0.0770343389				
1160.5	0.15005	0.0769555694				
1161.5	0.14949	0.0769070989				
1162.5	0.14893	0.0771506642				
1163.5	0.14837	0.0773175733				
1164.5	0.14781	0.0775787462				
1165.5	0.14725	0.078055587				
1166.5	0.1467	0.0781654818				
1167.5	0.14614	0.0781094584				
1168.5	0.14558	0.0781618966				
1169.5	0.14503	0.0782200156				
1170.5	0.14447	0.0780541946				
1171.5	0.14392	0.0781711867				
1172.5	0.14337	0.0787491667				
1173.5	0.14281	0.0792126391				
1174.5	0.14226	0.0793540824				
1175.5	0.14171	0.0793115709				
1176.5	0.14116	0.0796048945				
1177.5	0.14061	0.0799383988				
1178.5	0.14006	0.0800735189				
1179.5	0.13952	0.0800189805				
1180.5	0.13897	0.0800279177				
1181.5	0.13842	0.0803187513				
1182.5	0.13788	0.0807303656				
1183.5	0.13733	0.081008373				
1184.5	0.13679	0.0810304569				
1185.5	0.13624	0.0808883185				
1186.5	0.1357	0.0805595601				
1187.5	0.13516	0.0807784688				
1188.5	0.13462	0.0811589368				
1189.5	0.13408	0.0813505781				
1190.5	0.13354	0.0814337808				
1191.5	0.133	0.0819466012				
1192.5	0.13246	0.0824945256				
1193.5	0.13193	0.0825049332				
1194.5	0.13139	0.081652889				
1195.5	0.13085	0.0824882485				
1196.5	0.13032	0.0823713901				
1197.5	0.12979	0.0831240174				
1198.5	0.12925	0.0836971219				
1199.5	0.12872	0.084151383				
1200.5	0.12819	0.0841782325				
1201.5	0.12766	0.0842714675				
1202.5	0.12713	0.0845642558				
1203.5	0.1266	0.0846174667				
1204.5	0.12607	0.0838332264				
1205.5	0.12554	0.0844563281				
1206.5	0.12501	0.0845602629				
1207.5	0.12449	0.0857936984				
1208.5	0.12396	0.0864750802				
1209.5	0.12344	0.0863173882				
1210.5	0.12291	0.0855252332				
1211.5	0.12239	0.0859379865				
1212.5	0.12187	0.085947891				
1213.5	0.12135	0.0863705066				
1214.5	0.12083	0.0872422432				
1215.5	0.12031	0.0877673626				
1216.5	0.11979	0.0879357506				
1217.5	0.11927	0.0880894643				
1218.5	0.11875	0.0881873658				
1219.5	0.11823	0.0883608848				
1220.5	0.11772	0.0884582278				
1221.5	0.1172	0.0885809944				
1222.5	0.11669	0.0890022852				
1223.5	0.11618	0.0894920702				
1224.5	0.11566	0.0897251495				
1225.5	0.11515	0.0899639086				
1226.5	0.11464	0.0904618504				
1227.5	0.11413	0.0905578448				
1228.5	0.11362	0.0901565403				
1229.5	0.11311	0.0896319204				
1230.5	0.11261	0.0907262185				
1231.5	0.1121	0.091690063				
1232.5	0.11159	0.0920572471				
1233.5	0.11109	0.0919913826				
1234.5	0.11059	0.0920469859				
1235.5	0.11008	0.0924876299				
1236.5	0.10958	0.0928314032				
1237.5	0.10908	0.0931118556				
1238.5	0.10858	0.093623809				
1239.5	0.10808	0.0939372474				
1240.5	0.10758	0.0939961184				
1241.5	0.10709	0.094299614				
1242.5	0.10659	0.0947106719				
1243.5	0.10609	0.0949311371				
1244.5	0.1056	0.0950568219				
1245.5	0.1051	0.095252556				
1246.5	0.10461	0.0955851824				
1247.5	0.10412	0.0958353977				
1248.5	0.10363	0.096079156				
1249.5	0.10314	0.0963650968				
1250.5	0.10265	0.0968845806				
1251.5	0.10216	0.0972028461				
1252.5	0.10167	0.096945027				
1253.5	0.10118	0.0966036514				
1254.5	0.10069	0.0973845114				
1255.5	0.10021	0.0982275684				
1256.5	0.0997	0.0986597655				
1257.5	0.0992	0.0988540118				
1258.5	0.0988	0.0990053072				
1259.5	0.0983	0.099090075				
1260.5	0.0978	0.0991617907				
1261.5	0.0973	0.0995113064				
1262.5	0.0968	0.1001905935				
1263.5	0.0964	0.100602719				
1264.5	0.0959	0.1008086138				
1265.5	0.0954	0.1007061129				
1266.5	0.0949	0.1007201327				
1267.5	0.0945	0.1013639814				
1268.5	0.094	0.1019652684				
1269.5	0.0935	0.1022128672				
1270.5	0.093	0.1024192149				
1271.5	0.0926	0.1028275987				
1272.5	0.0921	0.1031392339				
1273.5	0.0916	0.1032712842				
1274.5	0.0912	0.1034928264				
1275.5	0.0907	0.1040404973				
1276.5	0.0902	0.1042362795				
1277.5	0.0898	0.104300398				
1278.5	0.0893	0.1045542511				
1279.5	0.0888	0.1048527979				
1280.5	0.0884	0.1049491646				
1281.5	0.0879	0.1048893878				
1282.5	0.0875	0.1049259347				
1283.5	0.087	0.1053502002				
1284.5	0.0865	0.1057892607				
1285.5	0.0861	0.1061419906				
1286.5	0.0856	0.1061011416				
1287.5	0.0852	0.1064213628				
1288.5	0.0847	0.1071637128				
1289.5	0.0843	0.1078818327				
1290.5	0.0838	0.108187175				
1291.5	0.0834	0.1079556844				
1292.5	0.0829	0.1084517537				
1293.5	0.0825	0.1092784533				
1294.5	0.082	0.1101443988				
1295.5	0.0816	0.1104754723				
1296.5	0.0811	0.1104254216				
1297.5	0.0807	0.1106006438				
1298.5	0.0802	0.1118031281				
1299.5	0.0798	0.1126690927				
1300.5	0.0794	0.1127537623				
1301.5	0.0789	0.1125029946				
1302.5	0.0785	0.1127813505				
1303.5	0.078	0.1134841703				
1304.5	0.0776	0.1140408568				
1305.5	0.0772	0.1141709727				
1306.5	0.0767	0.1144155204				
1307.5	0.0763	0.1148181489				
1308.5	0.0759	0.1153170877				
1309.5	0.0754	0.1156196231				
1310.5	0.075	0.115854961				
1311.5	0.0746	0.1159835189				
1312.5	0.0741	0.1164479244				
1313.5	0.0737	0.1173280738				
1314.5	0.0733	0.117814822				
1315.5	0.0729	0.1179105092				
1316.5	0.0724	0.1179032506				
1317.5	0.072	0.1184928725				
1318.5	0.0716	0.1191835715				
1319.5	0.0712	0.1196196208				
1320.5	0.0707	0.1198900573				
1321.5	0.0703	0.1200032813				
1322.5	0.0699	0.1205484272				
1323.5	0.0695	0.1210553587				
1324.5	0.0691	0.1213511588				
1325.5	0.0686	0.1216559938				
1326.5	0.0682	0.121847996				
1327.5	0.0678	0.1225065238				
1328.5	0.0674	0.1230774726				
1329.5	0.067	0.1236755666				
1330.5	0.0666	0.124080204				
1331.5	0.0662	0.1241299337				
1332.5	0.0658	0.1242824376				
1333.5	0.0654	0.1245275232				
1334.5	0.0649	0.1253160627				
1335.5	0.0645	0.1259796022				
1336.5	0.0641	0.1262015399				
1337.5	0.0637	0.1263541134				
1338.5	0.0633	0.1268416072				
1339.5	0.0629	0.1272976904				
1340.5	0.0625	0.1277367508				
1341.5	0.0621	0.1281929786				
1342.5	0.0617	0.1287626183				
1343.5	0.0613	0.1292076421				
1344.5	0.0609	0.129264926				
1345.5	0.0606	0.1296397091				
1346.5	0.0602	0.1303798958				
1347.5	0.0598	0.1308261111				
1348.5	0.0594	0.1306178455				
1349.5	0.059	0.1309253595				
1350.5	0.0586	0.1316847631				
1351.5	0.0582	0.1324531945				
1352.5	0.0578	0.1328158718				
1353.5	0.0574	0.1325237589				
1354.5	0.0571	0.1331463413				
1355.5	0.0567	0.133511243				
1356.5	0.0563	0.1336979764				
1357.5	0.0559	0.1342169048				
1358.5	0.0555	0.1349078646				
1359.5	0.0552	0.1348011145				
1360.5	0.0548	0.1352591886				
1361.5	0.0544	0.1370409109				
1362.5	0.054	0.1372259173				
1363.5	0.0537	0.1367914795				
1364.5	0.0533	0.1377953961				
1365.5	0.0529	0.1390238131				
1366.5	0.0526	0.139404124				
1367.5	0.0522	0.1395392085				
1368.5	0.0518	0.1398278862				
1369.5	0.0515	0.1406537613				
1370.5	0.0511	0.1413758671				
1371.5	0.0507	0.1417755068				
1372.5	0.0504	0.1417172068				
1373.5	0.05	0.1425509995				
1374.5	0.0496	0.1442016006				
1375.5	0.0493	0.1450672153				
1376.5	0.0489	0.1463411034				
1377.5	0.0486	0.1476527755				
1378.5	0.0482	0.149508193				
1379.5	0.0479	0.1506568147				
1380.5	0.0475	0.1512234891				
1381.5	0.0472	0.1518192654				
1382.5	0.0468	0.1522643688				
1383.5	0.0465	0.1528959512				
1384.5	0.0461	0.1534514677				
1385.5	0.0458	0.1535630022				
1386.5	0.0454	0.1544911016				
1387.5	0.0451	0.1553424709				
1388.5	0.0447	0.1557360839				
1389.5	0.0444	0.1559523215				
1390.5	0.044	0.1564513241				
1391.5	0.0437	0.1569977417				
1392.5	0.0434	0.1571820063				
1393.5	0.043	0.1575635353				
1394.5	0.0427	0.1583231839				
1395.5	0.0424	0.1590370149				
1396.5	0.042	0.1594819206				
1397.5	0.0417	0.160363979				
1398.5	0.0414	0.1614389328				
1399.5	0.041	0.1612870749				
1400.5	0.0407	0.1616668806				
1401.5	0.0404	0.1626858502				
1402.5	0.0401	0.1636871487				
1403.5	0.0397	0.1641105571				
1404.5	0.0394	0.1649491009				
1405.5	0.0391	0.16608561				
1406.5	0.0388	0.1673164836				
1407.5	0.0385	0.1686637685				
1408.5	0.0381	0.169946094				
1409.5	0.0378	0.1712172431				
1410.5	0.0375	0.1725556315				
1411.5	0.0372	0.1739264463				
1412.5	0.0369	0.1752703356				
1413.5	0.0366	0.1766196712				
1414.5	0.0363	0.1781841959				
1415.5	0.0359	0.1798977825				
1416.5	0.0356	0.1813700056				
1417.5	0.0353	0.1826989999				
1418.5	0.035	0.1841392834				
1419.5	0.0347	0.1849396457				
1420.5	0.0344	0.1851905464				
1421.5	0.0341	0.1845869612				
1422.5	0.0338	0.1833341764				
1423.5	0.0335	0.1819926531				
1424.5	0.0332	0.1806508146				
1425.5	0.0329	0.179355452				
1426.5	0.0327	0.1785733111				
1427.5	0.0324	0.1782582881				
1428.5	0.0321	0.1784106934				
1429.5	0.0318	0.1790292592				
1430.5	0.0315	0.1804451612				
1431.5	0.0312	0.1812689361				
1432.5	0.0309	0.182080276				
1433.5	0.0307	0.1828114182				
1434.5	0.0304	0.1836319171				
1435.5	0.0301	0.1843732229				
1436.5	0.0298	0.1851851414				
1437.5	0.0295	0.186228867				
1438.5	0.0293	0.1872416595				
1439.5	0.029	0.1880816535				
1440.5	0.0287	0.1890612093				
1441.5	0.0285	0.1907206132				
1442.5	0.0282	0.1918873095				
1443.5	0.0279	0.1928238071				
1444.5	0.0277	0.1937958255				
1445.5	0.0274	0.1947913582				
1446.5	0.0271	0.1957938226				
1447.5	0.0269	0.1967577481				
1448.5	0.0266	0.1977399047				
1449.5	0.0263	0.1986283206				
1450.5	0.0261	0.1995808859				
1451.5	0.0258	0.1999133306				
1452.5	0.0256	0.200355958				
1453.5	0.0253	0.2011363825				
1454.5	0.0251	0.2020691733				
1455.5	0.0248	0.2032673475				
1456.5	0.0246	0.2045942617				
1457.5	0.0243	0.2059432381				
1458.5	0.0241	0.207779672				
1459.5	0.0238	0.20925234				
1460.5	0.0236	0.2104801483				
1461.5	0.0234	0.211529283				
1462.5	0.0231	0.2126896144				
1463.5	0.0229	0.2139827878				
1464.5	0.0226	0.2152680414				
1465.5	0.0224	0.2164910882				
1466.5	0.0222	0.2176267704				
1467.5	0.0219	0.2184851515				
1468.5	0.0217	0.2195546843				
1469.5	0.0215	0.2207997056				
1470.5	0.0213	0.2220968013				
1471.5	0.021	0.2234732395				
1472.5	0.0208	0.2248418364				
1473.5	0.0206	0.2261476368				
1474.5	0.0204	0.2274691969				
1475.5	0.0202	0.2284251376				
1476.5	0.0199	0.2291621433				
1477.5	0.0197	0.2306744732				
1478.5	0.0195	0.2321593623				
1479.5	0.0193	0.2335927979				
1480.5	0.0191	0.2351541829				
1481.5	0.0189	0.2375926903				
1482.5	0.0187	0.2398164061				
1483.5	0.0185	0.2413804092				
1484.5	0.0183	0.2424713463				
1485.5	0.0181	0.2438134168				

